Kód ADM;Kód obce;Název obce;Kód MOMC;Název MOMC;Kód obvodu Prahy;Název obvodu Prahy;Kód èásti obce;Název èásti obce;Kód ulice;Název ulice;Typ SO;Èíslo domovní;Èíslo orientaèní;Znak èísla orientaèního;PSÈ;Souøadnice Y;Souøadnice X;Platí Od
5556872;549339;Èimelice;;;;;23825;Èimelice;;;è.p.;1;;;39804;777775.13;1107738.07;2013-12-01T00:00:00
5556881;549339;Èimelice;;;;;23825;Èimelice;;;è.p.;2;;;39804;777625.55;1107897.88;2013-12-01T00:00:00
5556899;549339;Èimelice;;;;;23825;Èimelice;;;è.p.;3;;;39804;777600.48;1107921.78;2013-12-01T00:00:00
5556902;549339;Èimelice;;;;;23825;Èimelice;;;è.p.;4;;;39804;777576.76;1107946.08;2013-12-01T00:00:00
5556911;549339;Èimelice;;;;;23825;Èimelice;;;è.p.;5;;;39804;777559.55;1107966.80;2013-12-01T00:00:00
5556929;549339;Èimelice;;;;;23825;Èimelice;;;è.p.;6;;;39804;777560.71;1107986.15;2013-12-01T00:00:00
5556937;549339;Èimelice;;;;;23825;Èimelice;;;è.p.;7;;;39804;777560.53;1108002.87;2013-12-01T00:00:00
5556945;549339;Èimelice;;;;;23825;Èimelice;;;è.p.;8;;;39804;777563.22;1108029.62;2013-12-01T00:00:00
5556953;549339;Èimelice;;;;;23825;Èimelice;;;è.p.;9;;;39804;777568.42;1108052.41;2013-12-01T00:00:00
5556961;549339;Èimelice;;;;;23825;Èimelice;;;è.p.;10;;;39804;777572.36;1108067.60;2013-12-01T00:00:00
5556970;549339;Èimelice;;;;;23825;Èimelice;;;è.p.;11;;;39804;777690.92;1107724.78;2013-12-01T00:00:00
5556988;549339;Èimelice;;;;;23825;Èimelice;;;è.p.;12;;;39804;777589.32;1108105.19;2013-12-01T00:00:00
5556996;549339;Èimelice;;;;;23825;Èimelice;;;è.p.;13;;;39804;777581.71;1108133.72;2013-12-01T00:00:00
5557003;549339;Èimelice;;;;;23825;Èimelice;;;è.p.;14;;;39804;777533.31;1108115.27;2013-12-01T00:00:00
5557011;549339;Èimelice;;;;;23825;Èimelice;;;è.p.;15;;;39804;777533.93;1108095.16;2013-12-01T00:00:00
5557020;549339;Èimelice;;;;;23825;Èimelice;;;è.p.;16;;;39804;777346.72;1108192.85;2013-12-01T00:00:00
5557038;549339;Èimelice;;;;;23825;Èimelice;;;è.p.;20;;;39804;777473.52;1108010.83;2013-12-01T00:00:00
5557046;549339;Èimelice;;;;;23825;Èimelice;;;è.p.;21;;;39804;777483.56;1107979.92;2013-12-01T00:00:00
5557054;549339;Èimelice;;;;;23825;Èimelice;;;è.p.;22;;;39804;777489.07;1107964.56;2013-12-01T00:00:00
5557062;549339;Èimelice;;;;;23825;Èimelice;;;è.p.;23;;;39804;777485.42;1107955.77;2013-12-01T00:00:00
5557071;549339;Èimelice;;;;;23825;Èimelice;;;è.p.;24;;;39804;777247.42;1107902.60;2013-12-01T00:00:00
5557089;549339;Èimelice;;;;;23825;Èimelice;;;è.p.;25;;;39804;777534.22;1108084.90;2013-12-01T00:00:00
5557097;549339;Èimelice;;;;;23825;Èimelice;;;è.p.;26;;;39804;777426.00;1107939.72;2019-12-04T00:00:00
5557101;549339;Èimelice;;;;;23825;Èimelice;;;è.p.;27;;;39804;777501.13;1107926.69;2013-12-01T00:00:00
5557119;549339;Èimelice;;;;;23825;Èimelice;;;è.p.;28;;;39804;777481.92;1107908.36;2013-12-01T00:00:00
5557127;549339;Èimelice;;;;;23825;Èimelice;;;è.p.;29;;;39804;777481.54;1107856.78;2013-12-01T00:00:00
5557135;549339;Èimelice;;;;;23825;Èimelice;;;è.p.;30;;;39804;777305.21;1108110.37;2013-12-01T00:00:00
5557143;549339;Èimelice;;;;;23825;Èimelice;;;è.p.;31;;;39804;777436.35;1107760.59;2013-12-01T00:00:00
5557151;549339;Èimelice;;;;;23825;Èimelice;;;è.p.;32;;;39804;777438.02;1107774.70;2013-12-01T00:00:00
5557178;549339;Èimelice;;;;;23825;Èimelice;;;è.p.;34;;;39804;777441.00;1107828.20;2013-12-01T00:00:00
5557186;549339;Èimelice;;;;;23825;Èimelice;;;è.p.;35;;;39804;777456.11;1107860.86;2013-12-01T00:00:00
5557194;549339;Èimelice;;;;;23825;Èimelice;;;è.p.;36;;;39804;777449.74;1107889.51;2021-06-04T00:00:00
5557208;549339;Èimelice;;;;;23825;Èimelice;;;è.p.;38;;;39804;777442.00;1107840.75;2013-12-01T00:00:00
5557216;549339;Èimelice;;;;;23825;Èimelice;;;è.p.;39;;;39804;777394.96;1107855.76;2013-12-01T00:00:00
5557224;549339;Èimelice;;;;;23825;Èimelice;;;è.p.;40;;;39804;777363.25;1107871.75;2013-12-01T00:00:00
5557232;549339;Èimelice;;;;;23825;Èimelice;;;è.p.;41;;;39804;777402.83;1107896.45;2013-12-01T00:00:00
5557241;549339;Èimelice;;;;;23825;Èimelice;;;è.p.;42;;;39804;777380.80;1107929.58;2013-12-01T00:00:00
5557259;549339;Èimelice;;;;;23825;Èimelice;;;è.p.;43;;;39804;777020.60;1108455.47;2013-12-01T00:00:00
5557267;549339;Èimelice;;;;;23825;Èimelice;;;è.p.;44;;;39804;777390.45;1107970.49;2013-12-01T00:00:00
5557275;549339;Èimelice;;;;;23825;Èimelice;;;è.p.;45;;;39804;777312.10;1108079.44;2013-12-01T00:00:00
5557283;549339;Èimelice;;;;;23825;Èimelice;;;è.p.;46;;;39804;777296.02;1108120.94;2013-12-01T00:00:00
5557291;549339;Èimelice;;;;;23825;Èimelice;;;è.p.;47;;;39804;777287.46;1108074.18;2013-12-01T00:00:00
5557305;549339;Èimelice;;;;;23825;Èimelice;;;è.p.;48;;;39804;777242.18;1108103.74;2013-12-01T00:00:00
5557313;549339;Èimelice;;;;;23825;Èimelice;;;è.p.;50;;;39804;777262.45;1108163.25;2013-12-01T00:00:00
5557321;549339;Èimelice;;;;;23825;Èimelice;;;è.p.;51;;;39804;777562.05;1108208.60;2019-12-06T00:00:00
5557330;549339;Èimelice;;;;;23825;Èimelice;;;è.p.;52;;;39804;777253.11;1108177.69;2013-12-01T00:00:00
5557348;549339;Èimelice;;;;;23825;Èimelice;;;è.p.;53;;;39804;777220.37;1108171.91;2013-12-01T00:00:00
5557356;549339;Èimelice;;;;;23825;Èimelice;;;è.p.;54;;;39804;777216.74;1108191.72;2013-12-01T00:00:00
5557364;549339;Èimelice;;;;;23825;Èimelice;;;è.p.;55;;;39804;777048.99;1108475.89;2013-12-01T00:00:00
5557372;549339;Èimelice;;;;;23825;Èimelice;;;è.p.;56;;;39804;777459.44;1107429.00;2013-12-01T00:00:00
5557381;549339;Èimelice;;;;;23825;Èimelice;;;è.p.;57;;;39804;777096.64;1108253.85;2013-12-01T00:00:00
5557399;549339;Èimelice;;;;;23825;Èimelice;;;è.p.;58;;;39804;777098.61;1108309.02;2013-12-01T00:00:00
5557402;549339;Èimelice;;;;;23825;Èimelice;;;è.p.;59;;;39804;776825.10;1108376.79;2013-12-01T00:00:00
5557411;549339;Èimelice;;;;;23825;Èimelice;;;è.p.;60;;;39804;777401.40;1107679.04;2013-12-01T00:00:00
5557429;549339;Èimelice;;;;;23825;Èimelice;;;è.p.;61;;;39804;777074.45;1107679.58;2013-12-01T00:00:00
5557437;549339;Èimelice;;;;;23825;Èimelice;;;è.p.;62;;;39804;775659.55;1107514.43;2013-12-01T00:00:00
5557445;549339;Èimelice;;;;;23825;Èimelice;;;è.p.;63;;;39804;775492.43;1108613.71;2013-12-01T00:00:00
5557453;549339;Èimelice;;;;;23825;Èimelice;;;è.p.;64;;;39804;776272.98;1108148.25;2013-12-01T00:00:00
5557461;549339;Èimelice;;;;;23825;Èimelice;;;è.p.;65;;;39804;776787.16;1108569.65;2019-12-06T00:00:00
5557470;549339;Èimelice;;;;;23825;Èimelice;;;è.p.;66;;;39804;776969.95;1108574.94;2013-12-01T00:00:00
5557488;549339;Èimelice;;;;;23825;Èimelice;;;è.p.;67;;;39804;776924.98;1108544.71;2013-12-01T00:00:00
5557496;549339;Èimelice;;;;;23825;Èimelice;;;è.p.;68;;;39804;776963.96;1108537.91;2013-12-01T00:00:00
5557500;549339;Èimelice;;;;;23825;Èimelice;;;è.p.;69;;;39804;777014.27;1108504.53;2013-12-01T00:00:00
5557526;549339;Èimelice;;;;;23825;Èimelice;;;è.p.;71;;;39804;777336.64;1108190.61;2013-12-01T00:00:00
5557534;549339;Èimelice;;;;;23825;Èimelice;;;è.p.;72;;;39804;777363.17;1108178.98;2013-12-01T00:00:00
5557542;549339;Èimelice;;;;;23825;Èimelice;;;è.p.;73;;;39804;777406.39;1108146.73;2013-12-01T00:00:00
5557551;549339;Èimelice;;;;;23825;Èimelice;;;è.p.;74;;;39804;777039.26;1108410.43;2013-12-01T00:00:00
5557569;549339;Èimelice;;;;;23825;Èimelice;;;è.p.;75;;;39804;777011.26;1108427.01;2013-12-01T00:00:00
5557577;549339;Èimelice;;;;;23825;Èimelice;;;è.p.;76;;;39804;776989.40;1108439.68;2013-12-01T00:00:00
5557585;549339;Èimelice;;;;;23825;Èimelice;;;è.p.;77;;;39804;776970.67;1108449.22;2013-12-01T00:00:00
5557593;549339;Èimelice;;;;;23825;Èimelice;;;è.p.;78;;;39804;776943.48;1108467.06;2013-12-01T00:00:00
5557607;549339;Èimelice;;;;;23825;Èimelice;;;è.p.;79;;;39804;777400.04;1107408.34;2013-12-01T00:00:00
5557615;549339;Èimelice;;;;;23825;Èimelice;;;è.p.;80;;;39804;776568.59;1108529.43;2013-12-01T00:00:00
5557623;549339;Èimelice;;;;;23825;Èimelice;;;è.p.;81;;;39804;776525.32;1108538.27;2013-12-01T00:00:00
5557631;549339;Èimelice;;;;;23825;Èimelice;;;è.p.;82;;;39804;776646.67;1108521.34;2013-12-01T00:00:00
5557640;549339;Èimelice;;;;;23825;Èimelice;;;è.p.;83;;;39804;776588.45;1108530.31;2013-12-01T00:00:00
5557658;549339;Èimelice;;;;;23825;Èimelice;;;è.p.;84;;;39804;776544.87;1108532.53;2013-12-01T00:00:00
5557666;549339;Èimelice;;;;;23825;Èimelice;;;è.p.;85;;;39804;777370.53;1108244.36;2013-12-01T00:00:00
5557674;549339;Èimelice;;;;;23825;Èimelice;;;è.p.;86;;;39804;777153.41;1108305.66;2013-12-01T00:00:00
5557682;549339;Èimelice;;;;;23825;Èimelice;;;è.p.;87;;;39804;776497.81;1108532.80;2013-12-01T00:00:00
5557691;549339;Èimelice;;;;;23825;Èimelice;;;è.p.;88;;;39804;776612.30;1108530.09;2013-12-01T00:00:00
5557704;549339;Èimelice;;;;;23825;Èimelice;;;è.p.;89;;;39804;777088.59;1108460.26;2013-12-01T00:00:00
5557712;549339;Èimelice;;;;;23825;Èimelice;;;è.p.;90;;;39804;776473.98;1108537.74;2013-12-01T00:00:00
5557721;549339;Èimelice;;;;;23825;Èimelice;;;è.p.;91;;;39804;777291.76;1108056.76;2013-12-01T00:00:00
5557739;549339;Èimelice;;;;;23825;Èimelice;;;è.p.;92;;;39804;776444.03;1108539.05;2013-12-01T00:00:00
5557747;549339;Èimelice;;;;;23825;Èimelice;;;è.p.;93;;;39804;777207.66;1108217.92;2013-12-01T00:00:00
5557755;549339;Èimelice;;;;;23825;Èimelice;;;è.p.;94;;;39804;776421.92;1108540.64;2013-12-01T00:00:00
5557763;549339;Èimelice;;;;;23825;Èimelice;;;è.p.;95;;;39804;776400.69;1108525.44;2013-12-01T00:00:00
5557771;549339;Èimelice;;;;;23825;Èimelice;;;è.p.;96;;;39804;776375.23;1108539.21;2013-12-01T00:00:00
5557780;549339;Èimelice;;;;;23825;Èimelice;;;è.p.;97;;;39804;777423.18;1107820.60;2019-12-06T00:00:00
5557798;549339;Èimelice;;;;;23825;Èimelice;;;è.p.;98;;;39804;777427.90;1107744.75;2013-12-01T00:00:00
5557801;549339;Èimelice;;;;;23825;Èimelice;;;è.p.;99;;;39804;776344.51;1108520.45;2013-12-01T00:00:00
5557828;549339;Èimelice;;;;;23825;Èimelice;;;è.p.;101;;;39804;777452.34;1107731.78;2013-12-01T00:00:00
5557836;549339;Èimelice;;;;;23825;Èimelice;;;è.p.;102;;;39804;776986.83;1108515.55;2013-12-01T00:00:00
5557844;549339;Èimelice;;;;;23825;Èimelice;;;è.p.;103;;;39804;777325.00;1107998.39;2013-12-01T00:00:00
5557852;549339;Èimelice;;;;;23825;Èimelice;;;è.p.;104;;;39804;777354.02;1107997.27;2013-12-01T00:00:00
5557861;549339;Èimelice;;;;;23825;Èimelice;;;è.p.;105;;;39804;777258.08;1108571.95;2013-12-01T00:00:00
5557879;549339;Èimelice;;;;;23825;Èimelice;;;è.p.;106;;;39804;776938.77;1107819.80;2013-12-01T00:00:00
5557887;549339;Èimelice;;;;;23825;Èimelice;;;è.p.;107;;;39804;776918.24;1107549.89;2013-12-01T00:00:00
5557895;549339;Èimelice;;;;;23825;Èimelice;;;è.p.;108;;;39804;;;2011-07-01T00:00:00
5557909;549339;Èimelice;;;;;23825;Èimelice;;;è.p.;109;;;39804;777305.76;1108027.76;2013-12-01T00:00:00
5557917;549339;Èimelice;;;;;23825;Èimelice;;;è.p.;110;;;39804;776179.54;1109807.01;2013-12-01T00:00:00
5557925;549339;Èimelice;;;;;23825;Èimelice;;;è.p.;111;;;39804;777597.93;1108151.26;2013-12-01T00:00:00
5557933;549339;Èimelice;;;;;23825;Èimelice;;;è.p.;112;;;39804;776482.53;1107259.26;2013-12-01T00:00:00
5557941;549339;Èimelice;;;;;23825;Èimelice;;;è.p.;113;;;39804;777202.80;1107669.16;2013-12-01T00:00:00
5557950;549339;Èimelice;;;;;23825;Èimelice;;;è.p.;114;;;39804;777598.79;1108194.28;2013-12-01T00:00:00
5557968;549339;Èimelice;;;;;23825;Èimelice;;;è.p.;115;;;39804;777464.06;1107673.45;2021-05-28T00:00:00
5557976;549339;Èimelice;;;;;23825;Èimelice;;;è.p.;116;;;39804;777388.53;1107641.14;2013-12-01T00:00:00
5557984;549339;Èimelice;;;;;23825;Èimelice;;;è.p.;117;;;39804;;;2011-07-01T00:00:00
5557992;549339;Èimelice;;;;;23825;Èimelice;;;è.p.;118;;;39804;777606.39;1108221.27;2013-12-01T00:00:00
5558000;549339;Èimelice;;;;;23825;Èimelice;;;è.p.;119;;;39804;777368.61;1107951.83;2013-12-01T00:00:00
5558018;549339;Èimelice;;;;;23825;Èimelice;;;è.p.;120;;;39804;777360.87;1107566.78;2013-12-01T00:00:00
5558026;549339;Èimelice;;;;;23825;Èimelice;;;è.p.;121;;;39804;777308.90;1107578.60;2013-12-01T00:00:00
5558034;549339;Èimelice;;;;;23825;Èimelice;;;è.p.;122;;;39804;777305.81;1107608.92;2013-12-01T00:00:00
5558042;549339;Èimelice;;;;;23825;Èimelice;;;è.p.;123;;;39804;777575.60;1108233.66;2013-12-01T00:00:00
5558051;549339;Èimelice;;;;;23825;Èimelice;;;è.p.;124;;;39804;777199.29;1108229.04;2013-12-01T00:00:00
5558069;549339;Èimelice;;;;;23825;Èimelice;;;è.p.;125;;;39804;777234.00;1107592.51;2013-12-01T00:00:00
5558077;549339;Èimelice;;;;;23825;Èimelice;;;è.p.;126;;;39804;777178.76;1107630.87;2013-12-01T00:00:00
5558085;549339;Èimelice;;;;;23825;Èimelice;;;è.p.;127;;;39804;777614.02;1108239.96;2013-12-01T00:00:00
5558093;549339;Èimelice;;;;;23825;Èimelice;;;è.p.;128;;;39804;777077.64;1107701.01;2013-12-01T00:00:00
5558107;549339;Èimelice;;;;;23825;Èimelice;;;è.p.;129;;;39804;777116.23;1107675.01;2013-12-01T00:00:00
5558115;549339;Èimelice;;;;;23825;Èimelice;;;è.p.;130;;;39804;777155.02;1107645.47;2013-12-01T00:00:00
5558123;549339;Èimelice;;;;;23825;Èimelice;;;è.p.;131;;;39804;777407.82;1107697.56;2013-12-01T00:00:00
5558131;549339;Èimelice;;;;;23825;Èimelice;;;è.p.;132;;;39804;777136.81;1107658.88;2013-12-01T00:00:00
5558140;549339;Èimelice;;;;;23825;Èimelice;;;è.p.;133;;;39804;777152.61;1108173.79;2013-12-01T00:00:00
5558158;549339;Èimelice;;;;;23825;Èimelice;;;è.p.;134;;;39804;776995.31;1108464.90;2013-12-01T00:00:00
5558166;549339;Èimelice;;;;;23825;Èimelice;;;è.p.;135;;;39804;777216.08;1107603.93;2013-12-01T00:00:00
5558174;549339;Èimelice;;;;;23825;Èimelice;;;è.p.;136;;;39804;776686.47;1108628.24;2013-12-01T00:00:00
5558182;549339;Èimelice;;;;;23825;Èimelice;;;è.p.;137;;;39804;777373.01;1107486.85;2013-12-01T00:00:00
5558191;549339;Èimelice;;;;;23825;Èimelice;;;è.p.;138;;;39804;777517.21;1107921.98;2013-12-01T00:00:00
5558204;549339;Èimelice;;;;;23825;Èimelice;;;è.p.;139;;;39804;777115.77;1107733.03;2013-12-01T00:00:00
5558212;549339;Èimelice;;;;;23825;Èimelice;;;è.p.;140;;;39804;777447.51;1107550.50;2013-12-01T00:00:00
5558221;549339;Èimelice;;;;;23825;Èimelice;;;è.p.;141;;;39804;777454.45;1107549.85;2013-12-01T00:00:00
5558239;549339;Èimelice;;;;;23825;Èimelice;;;è.p.;142;;;39804;777471.53;1107549.05;2013-12-01T00:00:00
5558247;549339;Èimelice;;;;;23825;Èimelice;;;è.p.;143;;;39804;777478.54;1107549.95;2013-12-01T00:00:00
5558255;549339;Èimelice;;;;;23825;Èimelice;;;è.p.;144;;;39804;777001.93;1107569.78;2013-12-01T00:00:00
5558263;549339;Èimelice;;;;;23825;Èimelice;;;è.p.;145;;;39804;777379.42;1107506.42;2013-12-01T00:00:00
5558271;549339;Èimelice;;;;;23825;Èimelice;;;è.p.;146;;;39804;777100.67;1107685.28;2013-12-01T00:00:00
5558280;549339;Èimelice;;;;;23825;Èimelice;;;è.p.;147;;;39804;777052.53;1107718.61;2013-12-01T00:00:00
5558298;549339;Èimelice;;;;;23825;Èimelice;;;è.p.;148;;;39804;777014.35;1107800.16;2019-12-06T00:00:00
5558301;549339;Èimelice;;;;;23825;Èimelice;;;è.p.;149;;;39804;776947.22;1108342.53;2013-12-01T00:00:00
5558310;549339;Èimelice;;;;;23825;Èimelice;;;è.p.;150;;;39804;777419.75;1107596.78;2021-08-02T00:00:00
5558328;549339;Èimelice;;;;;23825;Èimelice;;;è.p.;151;;;39804;777434.70;1107410.20;2013-12-01T00:00:00
5558336;549339;Èimelice;;;;;23825;Èimelice;;;è.p.;152;;;39804;777331.24;1107508.43;2019-11-06T00:00:00
5558344;549339;Èimelice;;;;;23825;Èimelice;;;è.p.;153;;;39804;777501.12;1107545.54;2013-12-01T00:00:00
5558352;549339;Èimelice;;;;;23825;Èimelice;;;è.p.;154;;;39804;777121.91;1107255.72;2013-12-01T00:00:00
5558361;549339;Èimelice;;;;;23825;Èimelice;;;è.p.;155;;;39804;777308.76;1107411.51;2013-12-01T00:00:00
5558379;549339;Èimelice;;;;;23825;Èimelice;;;è.p.;156;;;39804;777297.29;1107382.36;2013-12-01T00:00:00
5558387;549339;Èimelice;;;;;23825;Èimelice;;;è.p.;157;;;39804;776979.32;1107432.71;2013-12-01T00:00:00
5558395;549339;Èimelice;;;;;23825;Èimelice;;;è.p.;158;;;39804;776902.77;1108593.84;2013-12-01T00:00:00
5558409;549339;Èimelice;;;;;23825;Èimelice;;;è.p.;159;;;39804;777290.55;1107364.58;2013-12-01T00:00:00
5558417;549339;Èimelice;;;;;23825;Èimelice;;;è.p.;160;;;39804;777279.67;1107332.11;2013-12-01T00:00:00
5558425;549339;Èimelice;;;;;23825;Èimelice;;;è.p.;161;;;39804;777250.49;1107557.60;2013-12-01T00:00:00
5558433;549339;Èimelice;;;;;23825;Èimelice;;;è.p.;162;;;39804;777332.60;1107482.95;2013-12-01T00:00:00
5558441;549339;Èimelice;;;;;23825;Èimelice;;;è.p.;163;;;39804;777032.56;1107733.90;2013-12-01T00:00:00
5558450;549339;Èimelice;;;;;23825;Èimelice;;;è.p.;164;;;39804;777101.10;1107910.60;2013-12-01T00:00:00
5558468;549339;Èimelice;;;;;23825;Èimelice;;;è.p.;165;;;39804;777261.87;1107274.29;2013-12-01T00:00:00
5558476;549339;Èimelice;;;;;23825;Èimelice;;;è.p.;166;;;39804;777011.84;1107743.70;2019-12-06T00:00:00
5558484;549339;Èimelice;;;;;23825;Èimelice;;;è.p.;167;;;39804;777659.65;1107850.25;2013-12-01T00:00:00
5558492;549339;Èimelice;;;;;23825;Èimelice;;;è.p.;169;;;39804;777731.78;1107842.79;2013-12-01T00:00:00
5558506;549339;Èimelice;;;;;23825;Èimelice;;;è.p.;170;;;39804;776843.73;1108474.46;2013-12-01T00:00:00
5558514;549339;Èimelice;;;;;23825;Èimelice;;;è.p.;171;;;39804;776319.83;1108106.55;2019-12-06T00:00:00
5558522;549339;Èimelice;;;;;23825;Èimelice;;;è.p.;172;;;39804;776339.42;1108166.17;2013-12-01T00:00:00
5558531;549339;Èimelice;;;;;23825;Èimelice;;;è.p.;173;;;39804;776365.77;1108137.40;2013-12-01T00:00:00
5558549;549339;Èimelice;;;;;23825;Èimelice;;;è.p.;174;;;39804;776362.40;1108122.88;2013-12-01T00:00:00
5558557;549339;Èimelice;;;;;23825;Èimelice;;;è.p.;175;;;39804;777504.65;1107583.87;2013-12-01T00:00:00
5558565;549339;Èimelice;;;;;23825;Èimelice;;;è.p.;176;;;39804;777036.08;1107885.27;2013-12-01T00:00:00
5558573;549339;Èimelice;;;;;23825;Èimelice;;;è.p.;177;;;39804;777549.72;1108233.55;2013-12-01T00:00:00
5558581;549339;Èimelice;;;;;23825;Èimelice;;;è.p.;178;;;39804;776967.50;1107381.45;2013-12-01T00:00:00
5558590;549339;Èimelice;;;;;23825;Èimelice;;;è.p.;179;;;39804;777217.84;1107266.75;2013-12-01T00:00:00
5558603;549339;Èimelice;;;;;23825;Èimelice;;;è.p.;180;;;39804;777147.77;1107898.37;2013-12-01T00:00:00
5558611;549339;Èimelice;;;;;23825;Èimelice;;;è.p.;181;;;39804;777638.44;1107795.05;2013-12-01T00:00:00
5558620;549339;Èimelice;;;;;23825;Èimelice;;;è.p.;182;;;39804;777209.77;1107639.49;2013-12-01T00:00:00
5558638;549339;Èimelice;;;;;23825;Èimelice;;;è.p.;183;;;39804;777271.11;1107300.93;2013-12-01T00:00:00
5558646;549339;Èimelice;;;;;23825;Èimelice;;;è.p.;184;;;39804;777186.71;1107731.66;2013-12-01T00:00:00
5558654;549339;Èimelice;;;;;23825;Èimelice;;;è.p.;185;;;39804;776970.77;1107346.27;2013-12-01T00:00:00
5558662;549339;Èimelice;;;;;23825;Èimelice;;;è.p.;186;;;39804;777371.17;1107446.29;2013-12-01T00:00:00
5558671;549339;Èimelice;;;;;23825;Èimelice;;;è.p.;187;;;39804;777371.18;1107420.83;2013-12-01T00:00:00
5558689;549339;Èimelice;;;;;23825;Èimelice;;;è.p.;188;;;39804;777355.23;1107403.43;2013-12-01T00:00:00
5558697;549339;Èimelice;;;;;23825;Èimelice;;;è.p.;189;;;39804;777358.25;1107382.19;2013-12-01T00:00:00
5558701;549339;Èimelice;;;;;23825;Èimelice;;;è.p.;190;;;39804;777343.02;1107366.64;2013-12-01T00:00:00
5558719;549339;Èimelice;;;;;23825;Èimelice;;;è.p.;191;;;39804;777346.21;1107345.78;2013-12-01T00:00:00
5558727;549339;Èimelice;;;;;23825;Èimelice;;;è.p.;192;;;39804;777318.06;1107281.90;2013-12-01T00:00:00
5558735;549339;Èimelice;;;;;23825;Èimelice;;;è.p.;193;;;39804;777323.86;1107259.98;2013-12-01T00:00:00
5558743;549339;Èimelice;;;;;23825;Èimelice;;;è.p.;194;;;39804;777427.68;1108370.74;2017-02-16T00:00:00
5558751;549339;Èimelice;;;;;23825;Èimelice;;;è.p.;195;;;39804;777248.40;1107382.43;2013-12-01T00:00:00
5558760;549339;Èimelice;;;;;23825;Èimelice;;;è.p.;196;;;39804;776510.55;1107067.80;2013-12-01T00:00:00
5558778;549339;Èimelice;;;;;23825;Èimelice;;;è.p.;197;;;39804;777008.68;1107463.51;2013-12-01T00:00:00
5558786;549339;Èimelice;;;;;23825;Èimelice;;;è.p.;198;;;39804;776659.91;1108443.42;2013-12-01T00:00:00
5558794;549339;Èimelice;;;;;23825;Èimelice;;;è.p.;199;;;39804;777069.40;1107440.24;2013-12-01T00:00:00
5558808;549339;Èimelice;;;;;23825;Èimelice;;;è.p.;200;;;39804;777482.51;1108185.84;2013-12-01T00:00:00
5558816;549339;Èimelice;;;;;23825;Èimelice;;;è.p.;201;;;39804;777331.18;1107300.25;2013-12-01T00:00:00
5558824;549339;Èimelice;;;;;23825;Èimelice;;;è.p.;202;;;39804;777021.27;1107457.62;2013-12-01T00:00:00
5558832;549339;Èimelice;;;;;23825;Èimelice;;;è.p.;203;;;39804;777637.48;1107825.47;2013-12-01T00:00:00
5558841;549339;Èimelice;;;;;23825;Èimelice;;;è.p.;204;;;39804;777251.31;1107635.01;2013-12-01T00:00:00
5558859;549339;Èimelice;;;;;23825;Èimelice;;;è.p.;205;;;39804;777211.49;1107361.80;2013-12-01T00:00:00
5558867;549339;Èimelice;;;;;23825;Èimelice;;;è.p.;206;;;39804;777138.36;1107385.63;2013-12-01T00:00:00
5558875;549339;Èimelice;;;;;23825;Èimelice;;;è.p.;207;;;39804;777064.30;1107770.55;2013-12-01T00:00:00
5558883;549339;Èimelice;;;;;23825;Èimelice;;;è.p.;208;;;39804;777269.81;1107629.74;2013-12-01T00:00:00
5558891;549339;Èimelice;;;;;23825;Èimelice;;;è.p.;209;;;39804;777185.86;1107370.07;2013-12-01T00:00:00
5558905;549339;Èimelice;;;;;23825;Èimelice;;;è.p.;210;;;39804;777037.63;1107420.75;2013-12-01T00:00:00
5558913;549339;Èimelice;;;;;23825;Èimelice;;;è.p.;211;;;39804;777287.65;1107622.57;2013-12-01T00:00:00
5558921;549339;Èimelice;;;;;23825;Èimelice;;;è.p.;212;;;39804;777161.70;1107377.21;2013-12-01T00:00:00
5558930;549339;Èimelice;;;;;23825;Èimelice;;;è.p.;213;;;39804;777122.05;1107396.62;2019-12-04T00:00:00
5558948;549339;Èimelice;;;;;23825;Èimelice;;;è.p.;214;;;39804;777096.75;1107400.66;2013-12-01T00:00:00
5558956;549339;Èimelice;;;;;23825;Èimelice;;;è.p.;215;;;39804;777055.17;1107414.28;2013-12-01T00:00:00
5558964;549339;Èimelice;;;;;23825;Èimelice;;;è.p.;216;;;39804;776890.23;1108454.66;2013-12-01T00:00:00
5558972;549339;Èimelice;;;;;23825;Èimelice;;;è.p.;217;;;39804;776901.85;1108449.75;2013-12-01T00:00:00
5558981;549339;Èimelice;;;;;23825;Èimelice;;;è.p.;218;;;39804;777214.20;1107398.77;2013-12-01T00:00:00
5558999;549339;Èimelice;;;;;23825;Èimelice;;;è.p.;219;;;39804;777176.01;1107410.50;2013-12-01T00:00:00
5559006;549339;Èimelice;;;;;23825;Èimelice;;;è.p.;220;;;39804;777015.98;1107428.64;2013-12-01T00:00:00
5559014;549339;Èimelice;;;;;23825;Èimelice;;;è.p.;221;;;39804;777037.82;1107462.23;2013-12-01T00:00:00
5559022;549339;Èimelice;;;;;23825;Èimelice;;;è.p.;222;;;39804;777534.97;1107586.73;2013-12-01T00:00:00
5559031;549339;Èimelice;;;;;23825;Èimelice;;;è.p.;223;;;39804;777087.99;1107445.42;2013-12-01T00:00:00
5559049;549339;Èimelice;;;;;23825;Èimelice;;;è.p.;224;;;39804;777096.20;1107442.57;2013-12-01T00:00:00
5559057;549339;Èimelice;;;;;23825;Èimelice;;;è.p.;225;;;39804;777155.16;1107703.42;2013-12-01T00:00:00
5559065;549339;Èimelice;;;;;23825;Èimelice;;;è.p.;226;;;39804;777076.07;1107406.47;2013-12-01T00:00:00
5559073;549339;Èimelice;;;;;23825;Èimelice;;;è.p.;227;;;39804;777236.92;1107352.88;2013-12-01T00:00:00
5559081;549339;Èimelice;;;;;23825;Èimelice;;;è.p.;228;;;39804;776985.60;1107470.90;2013-12-01T00:00:00
5559090;549339;Èimelice;;;;;23825;Èimelice;;;è.p.;229;;;39804;777057.81;1108467.80;2013-12-01T00:00:00
5559103;549339;Èimelice;;;;;23825;Èimelice;;;è.p.;230;;;39804;777138.02;1107714.17;2013-12-01T00:00:00
5559111;549339;Èimelice;;;;;23825;Èimelice;;;è.p.;231;;;39804;776505.31;1107205.57;2013-12-01T00:00:00
5559120;549339;Èimelice;;;;;23825;Èimelice;;;è.p.;232;;;39804;776774.70;1108672.44;2013-12-01T00:00:00
5559138;549339;Èimelice;;;;;23825;Èimelice;;;è.p.;233;;;39804;777314.47;1107437.74;2013-12-01T00:00:00
5559146;549339;Èimelice;;;;;23825;Èimelice;;;è.p.;234;;;39804;777281.26;1107832.43;2013-12-01T00:00:00
5559154;549339;Èimelice;;;;;23825;Èimelice;;;è.p.;235;;;39804;777250.49;1107848.31;2013-12-01T00:00:00
5559162;549339;Èimelice;;;;;23825;Èimelice;;;è.p.;236;;;39804;777234.62;1107859.93;2013-12-01T00:00:00
5559171;549339;Èimelice;;;;;23825;Èimelice;;;è.p.;237;;;39804;777214.83;1107863.26;2013-12-01T00:00:00
5559189;549339;Èimelice;;;;;23825;Èimelice;;;è.p.;238;;;39804;777200.77;1107878.79;2013-12-01T00:00:00
5559197;549339;Èimelice;;;;;23825;Èimelice;;;è.p.;239;;;39804;777179.62;1107875.05;2013-12-01T00:00:00
5559201;549339;Èimelice;;;;;23825;Èimelice;;;è.p.;240;;;39804;777025.35;1108305.27;2013-12-01T00:00:00
5559219;549339;Èimelice;;;;;23825;Èimelice;;;è.p.;241;;;39804;777016.32;1108310.40;2013-12-01T00:00:00
5559227;549339;Èimelice;;;;;23825;Èimelice;;;è.p.;242;;;39804;777357.50;1107768.45;2013-12-01T00:00:00
5559235;549339;Èimelice;;;;;23825;Èimelice;;;è.p.;243;;;39804;777314.77;1107776.68;2013-12-01T00:00:00
5559243;549339;Èimelice;;;;;23825;Èimelice;;;è.p.;244;;;39804;777275.81;1107793.79;2013-12-01T00:00:00
5559251;549339;Èimelice;;;;;23825;Èimelice;;;è.p.;245;;;39804;777323.72;1107456.26;2013-12-01T00:00:00
5559260;549339;Èimelice;;;;;23825;Èimelice;;;è.p.;246;;;39804;777386.71;1108161.96;2019-12-04T00:00:00
5559278;549339;Èimelice;;;;;23825;Èimelice;;;è.p.;247;;;39804;777338.94;1108068.88;2013-12-01T00:00:00
5559286;549339;Èimelice;;;;;23825;Èimelice;;;è.p.;248;;;39804;777009.78;1107826.12;2013-12-01T00:00:00
5559294;549339;Èimelice;;;;;23825;Èimelice;;;è.p.;249;;;39804;776821.70;1108460.39;2013-12-01T00:00:00
5559308;549339;Èimelice;;;;;23825;Èimelice;;;è.p.;250;;;39804;776834.42;1108434.41;2013-12-01T00:00:00
5559316;549339;Èimelice;;;;;23825;Èimelice;;;è.p.;251;;;39804;776813.73;1108421.92;2013-12-01T00:00:00
5559324;549339;Èimelice;;;;;23825;Èimelice;;;è.p.;252;;;39804;777191.04;1107808.32;2013-12-01T00:00:00
5559332;549339;Èimelice;;;;;23825;Èimelice;;;è.p.;253;;;39804;777177.73;1107825.86;2013-12-01T00:00:00
5559341;549339;Èimelice;;;;;23825;Èimelice;;;è.p.;254;;;39804;777155.82;1107819.27;2019-12-04T00:00:00
5559359;549339;Èimelice;;;;;23825;Èimelice;;;è.p.;255;;;39804;777141.44;1107839.76;2013-12-01T00:00:00
5559367;549339;Èimelice;;;;;23825;Èimelice;;;è.p.;256;;;39804;776974.82;1107412.44;2013-12-01T00:00:00
5559375;549339;Èimelice;;;;;23825;Èimelice;;;è.p.;257;;;39804;777103.65;1107779.71;2013-12-01T00:00:00
5559383;549339;Èimelice;;;;;23825;Èimelice;;;è.p.;258;;;39804;777042.34;1107776.06;2013-12-01T00:00:00
5559391;549339;Èimelice;;;;;23825;Èimelice;;;è.p.;259;;;39804;777026.47;1107842.24;2013-12-01T00:00:00
5559405;549339;Èimelice;;;;;23825;Èimelice;;;è.p.;260;;;39804;777057.00;1107828.03;2013-12-01T00:00:00
5559413;549339;Èimelice;;;;;23825;Èimelice;;;è.p.;261;;;39804;777066.33;1107865.93;2013-12-01T00:00:00
5559421;549339;Èimelice;;;;;23825;Èimelice;;;è.p.;262;;;39804;777270.26;1107881.67;2013-12-01T00:00:00
5559430;549339;Èimelice;;;;;23825;Èimelice;;;è.p.;263;;;39804;777285.83;1107907.68;2013-12-01T00:00:00
5559448;549339;Èimelice;;;;;23825;Èimelice;;;è.p.;264;;;39804;777299.50;1107932.55;2013-12-01T00:00:00
5559456;549339;Èimelice;;;;;23825;Èimelice;;;è.p.;265;;;39804;777307.93;1107950.53;2013-12-01T00:00:00
5559464;549339;Èimelice;;;;;23825;Èimelice;;;è.p.;266;;;39804;777300.39;1107845.20;2013-12-01T00:00:00
5559472;549339;Èimelice;;;;;23825;Èimelice;;;è.p.;267;;;39804;777326.54;1107321.65;2013-12-01T00:00:00
5559481;549339;Èimelice;;;;;23825;Èimelice;;;è.p.;268;;;39804;777255.94;1107735.38;2013-12-01T00:00:00
5559499;549339;Èimelice;;;;;23825;Èimelice;;;è.p.;269;;;39804;776483.02;1108528.77;2013-12-01T00:00:00
5559502;549339;Èimelice;;;;;23825;Èimelice;;;è.p.;270;;;39804;777397.67;1108052.79;2013-12-01T00:00:00
5559511;549339;Èimelice;;;;;23825;Èimelice;;;è.p.;271;;;39804;777419.16;1107442.83;2013-12-01T00:00:00
5559529;549339;Èimelice;;;;;23825;Èimelice;;;è.p.;272;;;39804;777437.68;1107458.52;2013-12-01T00:00:00
5559537;549339;Èimelice;;;;;23825;Èimelice;;;è.p.;273;;;39804;777433.14;1107480.18;2013-12-01T00:00:00
5559545;549339;Èimelice;;;;;23825;Èimelice;;;è.p.;274;;;39804;777122.29;1107839.11;2013-12-01T00:00:00
5559553;549339;Èimelice;;;;;23825;Èimelice;;;è.p.;275;;;39804;777109.39;1107853.54;2013-12-01T00:00:00
5559561;549339;Èimelice;;;;;23825;Èimelice;;;è.p.;276;;;39804;777085.25;1107854.18;2013-12-01T00:00:00
5559570;549339;Èimelice;;;;;23825;Èimelice;;;è.p.;277;;;39804;777126.51;1107797.00;2013-12-01T00:00:00
5559588;549339;Èimelice;;;;;23825;Èimelice;;;è.p.;278;;;39804;777508.35;1108176.55;2013-12-01T00:00:00
5559596;549339;Èimelice;;;;;23825;Èimelice;;;è.p.;279;;;39804;777406.38;1107546.56;2013-12-01T00:00:00
5559600;549339;Èimelice;;;;;23825;Èimelice;;;è.p.;280;;;39804;777451.01;1108130.03;2013-12-01T00:00:00
5559618;549339;Èimelice;;;;;23825;Èimelice;;;è.p.;281;;;39804;777365.46;1107612.31;2013-12-01T00:00:00
5559626;549339;Èimelice;;;;;23825;Èimelice;;;è.p.;282;;;39804;777281.06;1107466.94;2013-12-01T00:00:00
5559634;549339;Èimelice;;;;;23825;Èimelice;;;è.p.;283;;;39804;777135.38;1107423.78;2013-12-01T00:00:00
5559642;549339;Èimelice;;;;;23825;Èimelice;;;è.p.;284;;;39804;777508.30;1107668.35;2022-03-04T00:00:00
5559651;549339;Èimelice;;;;;23825;Èimelice;;;è.p.;285;;;39804;777319.75;1107969.79;2013-12-01T00:00:00
5559669;549339;Èimelice;;;;;23825;Èimelice;;;è.p.;286;;;39804;777347.41;1107900.06;2013-12-01T00:00:00
5559677;549339;Èimelice;;;;;23825;Èimelice;;;è.p.;287;;;39804;777517.39;1108246.94;2013-12-01T00:00:00
5559685;549339;Èimelice;;;;;23825;Èimelice;;;è.p.;288;;;39804;777497.62;1108142.99;2013-12-01T00:00:00
5559693;549339;Èimelice;;;;;23825;Èimelice;;;è.p.;289;;;39804;777470.68;1108146.78;2013-12-01T00:00:00
5559707;549339;Èimelice;;;;;23825;Èimelice;;;è.p.;290;;;39804;777467.14;1108367.74;2013-12-01T00:00:00
5559715;549339;Èimelice;;;;;23825;Èimelice;;;è.p.;291;;;39804;777462.74;1108343.31;2013-12-01T00:00:00
5559723;549339;Èimelice;;;;;23825;Èimelice;;;è.p.;293;;;39804;777458.65;1108300.87;2013-12-01T00:00:00
5559731;549339;Èimelice;;;;;23825;Èimelice;;;è.p.;295;;;39804;777450.78;1108263.07;2013-12-01T00:00:00
5559740;549339;Èimelice;;;;;23825;Èimelice;;;è.p.;296;;;39804;777417.19;1108207.45;2013-12-01T00:00:00
5559758;549339;Èimelice;;;;;23825;Èimelice;;;è.p.;297;;;39804;777440.17;1108203.12;2013-12-01T00:00:00
5559766;549339;Èimelice;;;;;23825;Èimelice;;;è.p.;299;;;39804;777149.75;1107787.41;2013-12-01T00:00:00
5559774;549339;Èimelice;;;;;23825;Èimelice;;;è.p.;300;;;39804;777202.44;1107768.00;2013-12-01T00:00:00
5559782;549339;Èimelice;;;;;23825;Èimelice;;;è.p.;301;;;39804;777182.63;1107776.00;2013-12-01T00:00:00
5559791;549339;Èimelice;;;;;23825;Èimelice;;;è.p.;302;;;39804;777242.51;1107522.39;2013-12-01T00:00:00
5559804;549339;Èimelice;;;;;23825;Èimelice;;;è.p.;303;;;39804;777318.81;1107681.81;2013-12-01T00:00:00
5559812;549339;Èimelice;;;;;23825;Èimelice;;;è.p.;304;;;39804;777515.96;1108291.39;2013-12-01T00:00:00
5559821;549339;Èimelice;;;;;23825;Èimelice;;;è.p.;305;;;39804;777490.10;1108297.01;2013-12-01T00:00:00
5559839;549339;Èimelice;;;;;23825;Èimelice;;;è.p.;306;;;39804;777520.73;1108311.13;2013-12-01T00:00:00
5559847;549339;Èimelice;;;;;23825;Èimelice;;;è.p.;308;;;39804;777525.54;1108330.59;2013-12-01T00:00:00
5559855;549339;Èimelice;;;;;23825;Èimelice;;;è.p.;309;;;39804;777496.94;1108337.13;2013-12-01T00:00:00
5559863;549339;Èimelice;;;;;23825;Èimelice;;;è.p.;310;;;39804;777502.29;1108356.16;2013-12-01T00:00:00
5559871;549339;Èimelice;;;;;23825;Èimelice;;;è.p.;312;;;39804;777222.94;1107807.63;2013-12-01T00:00:00
5559880;549339;Èimelice;;;;;23825;Èimelice;;;è.p.;313;;;39804;777088.12;1107747.18;2013-12-01T00:00:00
5559898;549339;Èimelice;;;;;23825;Èimelice;;;è.p.;314;;;39804;777524.74;1108065.25;2013-12-01T00:00:00
5559901;549339;Èimelice;;;;;23825;Èimelice;;;è.p.;315;;;39804;777506.48;1108048.51;2013-12-01T00:00:00
5559910;549339;Èimelice;;;;;23825;Èimelice;;;è.p.;316;;;39804;777427.73;1108108.45;2013-12-01T00:00:00
5559928;549339;Èimelice;;;;;23825;Èimelice;;;è.p.;317;;;39804;777445.06;1108093.49;2013-12-01T00:00:00
5559936;549339;Èimelice;;;;;23825;Èimelice;;;è.p.;318;;;39804;777462.78;1108083.21;2013-12-01T00:00:00
5559944;549339;Èimelice;;;;;23825;Èimelice;;;è.p.;319;;;39804;777091.57;1107952.11;2013-12-01T00:00:00
5559952;549339;Èimelice;;;;;23825;Èimelice;;;è.p.;320;;;39804;777112.81;1107945.88;2013-12-01T00:00:00
5559961;549339;Èimelice;;;;;23825;Èimelice;;;è.p.;321;;;39804;777131.37;1107940.73;2013-12-01T00:00:00
5559979;549339;Èimelice;;;;;23825;Èimelice;;;è.p.;322;;;39804;777151.56;1107933.98;2013-12-01T00:00:00
5559987;549339;Èimelice;;;;;23825;Èimelice;;;è.p.;323;;;39804;777168.65;1107926.54;2014-09-12T00:00:00
5559995;549339;Èimelice;;;;;23825;Èimelice;;;è.p.;324;;;39804;777191.16;1107922.25;2013-12-01T00:00:00
5560004;549339;Èimelice;;;;;23825;Èimelice;;;è.p.;325;;;39804;777261.18;1107475.05;2013-12-01T00:00:00
5560012;549339;Èimelice;;;;;23825;Èimelice;;;è.p.;326;;;39804;777380.89;1107664.92;2013-12-01T00:00:00
5560021;549339;Èimelice;;;;;23825;Èimelice;;;è.p.;327;;;39804;777035.29;1108446.35;2013-12-01T00:00:00
5560039;549339;Èimelice;;;;;23825;Èimelice;;;è.p.;328;;;39804;776566.59;1108559.67;2013-12-01T00:00:00
5560047;549339;Èimelice;;;;;23825;Èimelice;;;è.p.;329;;;39804;777342.95;1107524.35;2013-12-01T00:00:00
5560055;549339;Èimelice;;;;;23825;Èimelice;;;è.p.;330;;;39804;777642.69;1108519.38;2016-05-30T00:00:00
5560063;549339;Èimelice;;;;;23825;Èimelice;;;è.ev.;2;;;39804;776577.75;1108511.26;2013-12-01T00:00:00
5560071;549339;Èimelice;;;;;23825;Èimelice;;;è.ev.;3;;;39804;776599.54;1108094.94;2013-12-01T00:00:00
5560080;549339;Èimelice;;;;;23825;Èimelice;;;è.ev.;4;;;39804;776608.54;1108123.92;2013-12-01T00:00:00
5560098;549339;Èimelice;;;;;23825;Èimelice;;;è.ev.;5;;;39804;776618.00;1108107.48;2013-12-01T00:00:00
5560101;549339;Èimelice;;;;;23825;Èimelice;;;è.ev.;6;;;39804;776629.36;1108125.60;2013-12-01T00:00:00
5560110;549339;Èimelice;;;;;23825;Èimelice;;;è.ev.;8;;;39804;776641.72;1108168.03;2013-12-01T00:00:00
5560128;549339;Èimelice;;;;;23825;Èimelice;;;è.ev.;9;;;39804;776639.46;1108189.49;2013-12-01T00:00:00
5560136;549339;Èimelice;;;;;23825;Èimelice;;;è.ev.;10;;;39804;776632.68;1108210.22;2013-12-01T00:00:00
5560144;549339;Èimelice;;;;;23825;Èimelice;;;è.ev.;11;;;39804;776600.49;1108223.86;2013-12-01T00:00:00
5560152;549339;Èimelice;;;;;23825;Èimelice;;;è.ev.;12;;;39804;776580.64;1108209.39;2013-12-01T00:00:00
5560161;549339;Èimelice;;;;;23825;Èimelice;;;è.ev.;13;;;39804;776549.00;1108228.49;2013-12-01T00:00:00
5560179;549339;Èimelice;;;;;23825;Èimelice;;;è.ev.;14;;;39804;776585.16;1108249.56;2013-12-01T00:00:00
5560187;549339;Èimelice;;;;;23825;Èimelice;;;è.ev.;16;;;39804;776547.50;1108256.38;2013-12-01T00:00:00
5560195;549339;Èimelice;;;;;23825;Èimelice;;;è.ev.;17;;;39804;776529.22;1108234.40;2013-12-01T00:00:00
5560209;549339;Èimelice;;;;;23833;Krsice;;;è.p.;1;;;39804;777070.88;1105843.94;2019-12-04T00:00:00
5560217;549339;Èimelice;;;;;23833;Krsice;;;è.p.;2;;;39804;777071.07;1105717.84;2013-12-01T00:00:00
5560225;549339;Èimelice;;;;;23833;Krsice;;;è.p.;3;;;39804;776985.00;1105790.86;2013-12-01T00:00:00
5560233;549339;Èimelice;;;;;23833;Krsice;;;è.p.;4;;;39804;776917.83;1105812.95;2013-12-01T00:00:00
5560241;549339;Èimelice;;;;;23833;Krsice;;;è.p.;5;;;39804;776900.24;1105817.00;2013-12-01T00:00:00
5560250;549339;Èimelice;;;;;23833;Krsice;;;è.p.;6;;;39804;776889.94;1105846.91;2013-12-01T00:00:00
5560268;549339;Èimelice;;;;;23833;Krsice;;;è.p.;7;;;39804;776898.63;1105872.74;2013-12-01T00:00:00
5560276;549339;Èimelice;;;;;23833;Krsice;;;è.p.;8;;;39804;776864.30;1105846.28;2013-12-01T00:00:00
5560284;549339;Èimelice;;;;;23833;Krsice;;;è.p.;9;;;39804;776854.91;1105864.65;2013-12-01T00:00:00
5560292;549339;Èimelice;;;;;23833;Krsice;;;è.p.;10;;;39804;776806.26;1105839.55;2013-12-01T00:00:00
5560306;549339;Èimelice;;;;;23833;Krsice;;;è.p.;11;;;39804;776792.32;1105857.86;2013-12-01T00:00:00
5560314;549339;Èimelice;;;;;23833;Krsice;;;è.p.;12;;;39804;776640.30;1106189.19;2013-12-01T00:00:00
5560322;549339;Èimelice;;;;;23833;Krsice;;;è.p.;13;;;39804;776786.44;1105907.10;2013-12-01T00:00:00
5560331;549339;Èimelice;;;;;23833;Krsice;;;è.p.;14;;;39804;776700.60;1105948.30;2013-12-01T00:00:00
5560349;549339;Èimelice;;;;;23833;Krsice;;;è.p.;15;;;39804;776663.05;1105966.29;2013-12-01T00:00:00
5560357;549339;Èimelice;;;;;23833;Krsice;;;è.p.;16;;;39804;776711.26;1106059.81;2013-12-01T00:00:00
5560365;549339;Èimelice;;;;;23833;Krsice;;;è.p.;17;;;39804;776680.87;1106006.26;2013-12-01T00:00:00
5560373;549339;Èimelice;;;;;23833;Krsice;;;è.p.;18;;;39804;776675.00;1106027.36;2013-12-01T00:00:00
5560381;549339;Èimelice;;;;;23833;Krsice;;;è.p.;19;;;39804;776657.31;1106161.02;2019-12-04T00:00:00
5560390;549339;Èimelice;;;;;23833;Krsice;;;è.p.;20;;;39804;776675.79;1106128.70;2013-12-01T00:00:00
5560403;549339;Èimelice;;;;;23833;Krsice;;;è.p.;21;;;39804;776698.10;1106104.92;2013-12-01T00:00:00
5560411;549339;Èimelice;;;;;23833;Krsice;;;è.p.;22;;;39804;776715.94;1106087.92;2013-12-01T00:00:00
5560420;549339;Èimelice;;;;;23833;Krsice;;;è.p.;23;;;39804;777140.54;1105971.72;2013-12-01T00:00:00
5560438;549339;Èimelice;;;;;23833;Krsice;;;è.p.;24;;;39804;776725.18;1106028.48;2013-12-01T00:00:00
5560446;549339;Èimelice;;;;;23833;Krsice;;;è.p.;25;;;39804;776707.82;1106020.08;2013-12-01T00:00:00
5560454;549339;Èimelice;;;;;23833;Krsice;;;è.p.;26;;;39804;776741.63;1106003.97;2013-12-01T00:00:00
5560462;549339;Èimelice;;;;;23833;Krsice;;;è.p.;27;;;39804;776847.44;1106145.28;2013-12-01T00:00:00
5560471;549339;Èimelice;;;;;23833;Krsice;;;è.p.;28;;;39804;776839.91;1105961.52;2013-12-01T00:00:00
5560489;549339;Èimelice;;;;;23833;Krsice;;;è.p.;29;;;39804;776856.51;1105931.01;2013-12-01T00:00:00
5560497;549339;Èimelice;;;;;23833;Krsice;;;è.p.;30;;;39804;776868.68;1105923.23;2013-12-01T00:00:00
5560501;549339;Èimelice;;;;;23833;Krsice;;;è.p.;31;;;39804;776897.55;1105907.69;2013-12-01T00:00:00
5560519;549339;Èimelice;;;;;23833;Krsice;;;è.p.;32;;;39804;776921.27;1105898.13;2013-12-01T00:00:00
5560527;549339;Èimelice;;;;;23833;Krsice;;;è.p.;33;;;39804;776952.65;1105857.85;2013-12-01T00:00:00
5560535;549339;Èimelice;;;;;23833;Krsice;;;è.p.;34;;;39804;776516.95;1105267.68;2013-12-01T00:00:00
5560543;549339;Èimelice;;;;;23833;Krsice;;;è.p.;35;;;39804;776616.47;1106218.10;2013-12-01T00:00:00
5560551;549339;Èimelice;;;;;23833;Krsice;;;è.p.;36;;;39804;776973.43;1105879.72;2013-12-01T00:00:00
5560578;549339;Èimelice;;;;;23833;Krsice;;;è.p.;38;;;39804;776236.52;1106313.61;2013-12-01T00:00:00
5560586;549339;Èimelice;;;;;23833;Krsice;;;è.p.;40;;;39804;776969.85;1105816.49;2013-12-01T00:00:00
5560594;549339;Èimelice;;;;;23833;Krsice;;;è.p.;41;;;39804;776662.27;1105944.27;2013-12-01T00:00:00
5560608;549339;Èimelice;;;;;23833;Krsice;;;è.p.;42;;;39804;776653.16;1105930.35;2013-12-01T00:00:00
5560616;549339;Èimelice;;;;;23833;Krsice;;;è.p.;43;;;39804;776987.51;1105733.65;2013-12-01T00:00:00
5560632;549339;Èimelice;;;;;23833;Krsice;;;è.p.;45;;;39804;776968.82;1105832.43;2013-12-01T00:00:00
5560641;549339;Èimelice;;;;;23833;Krsice;;;è.p.;46;;;39804;777043.93;1105744.91;2013-12-01T00:00:00
5560659;549339;Èimelice;;;;;23833;Krsice;;;è.p.;47;;;39804;776641.31;1105904.81;2013-12-01T00:00:00
5560667;549339;Èimelice;;;;;23833;Krsice;;;è.p.;48;;;39804;776866.11;1106313.04;2013-12-01T00:00:00
5560675;549339;Èimelice;;;;;23833;Krsice;;;è.p.;49;;;39804;776711.38;1105973.42;2013-12-01T00:00:00
5560683;549339;Èimelice;;;;;23833;Krsice;;;è.p.;50;;;39804;776517.36;1106323.01;2021-08-19T00:00:00
5560691;549339;Èimelice;;;;;23833;Krsice;;;è.p.;51;;;39804;776444.79;1106337.36;2013-12-01T00:00:00
5560705;549339;Èimelice;;;;;23833;Krsice;;;è.p.;52;;;39804;777095.35;1105802.03;2013-12-01T00:00:00
5560713;549339;Èimelice;;;;;23833;Krsice;;;è.p.;53;;;39804;776483.60;1106343.92;2013-12-01T00:00:00
5560721;549339;Èimelice;;;;;23833;Krsice;;;è.p.;54;;;39804;776386.15;1106341.42;2013-12-01T00:00:00
5560730;549339;Èimelice;;;;;23833;Krsice;;;è.p.;55;;;39804;777103.58;1105811.04;2013-12-01T00:00:00
5560748;549339;Èimelice;;;;;23833;Krsice;;;è.p.;56;;;39804;777123.25;1105879.80;2013-12-01T00:00:00
5560756;549339;Èimelice;;;;;23833;Krsice;;;è.p.;57;;;39804;777125.93;1105908.03;2013-12-01T00:00:00
5560764;549339;Èimelice;;;;;23833;Krsice;;;è.p.;58;;;39804;777130.09;1105939.50;2013-12-01T00:00:00
5560772;549339;Èimelice;;;;;23833;Krsice;;;è.p.;59;;;39804;777127.14;1105852.24;2013-12-01T00:00:00
5560781;549339;Èimelice;;;;;23833;Krsice;;;è.p.;60;;;39804;777093.34;1105897.44;2013-12-01T00:00:00
5560799;549339;Èimelice;;;;;23833;Krsice;;;è.p.;61;;;39804;776432.29;1106393.46;2019-12-04T00:00:00
5560802;549339;Èimelice;;;;;23833;Krsice;;;è.p.;62;;;39804;776414.02;1106403.91;2013-12-01T00:00:00
5560811;549339;Èimelice;;;;;23833;Krsice;;;è.p.;63;;;39804;776282.68;1106496.79;2013-12-01T00:00:00
5560829;549339;Èimelice;;;;;23833;Krsice;;;è.p.;64;;;39804;776605.83;1106235.79;2013-12-01T00:00:00
5560837;549339;Èimelice;;;;;23833;Krsice;;;è.p.;65;;;39804;776883.00;1106149.72;2013-12-01T00:00:00
5560853;549339;Èimelice;;;;;23825;Èimelice;;;è.p.;331;;;39804;777380.41;1107263.04;2013-12-01T00:00:00
5560861;549339;Èimelice;;;;;23825;Èimelice;;;è.p.;332;;;39804;777149.07;1107751.97;2013-12-01T00:00:00
5560870;549339;Èimelice;;;;;23825;Èimelice;;;è.p.;333;;;39804;777665.00;1108323.72;2013-12-01T00:00:00
5560888;549339;Èimelice;;;;;23825;Èimelice;;;è.p.;339;;;39804;777056.09;1107904.22;2013-12-01T00:00:00
23336820;549339;Èimelice;;;;;23825;Èimelice;;;è.p.;49;;;39804;777236.73;1108037.56;2013-12-01T00:00:00
23336838;549339;Èimelice;;;;;23825;Èimelice;;;è.p.;292;;;39804;777457.77;1108322.91;2013-12-01T00:00:00
23336846;549339;Èimelice;;;;;23825;Èimelice;;;è.ev.;7;;;39804;;;2011-07-01T00:00:00
23336854;549339;Èimelice;;;;;23825;Èimelice;;;è.ev.;15;;;39804;;;2011-07-01T00:00:00
23336862;549339;Èimelice;;;;;23825;Èimelice;;;è.ev.;18;;;39804;;;2011-07-01T00:00:00
23336871;549339;Èimelice;;;;;23825;Èimelice;;;è.ev.;19;;;39804;777421.27;1107955.99;2013-12-01T00:00:00
23336889;549339;Èimelice;;;;;23825;Èimelice;;;è.ev.;20;;;39804;777423.50;1107960.69;2013-12-01T00:00:00
23336897;549339;Èimelice;;;;;23825;Èimelice;;;è.p.;311;;;39804;777576.93;1108315.66;2013-12-01T00:00:00
25629832;549339;Èimelice;;;;;23825;Èimelice;;;è.p.;335;;;39804;777440.38;1107255.58;2013-12-01T00:00:00
25629841;549339;Èimelice;;;;;23825;Èimelice;;;è.p.;336;;;39804;777492.39;1107668.25;2013-12-01T00:00:00
25629859;549339;Èimelice;;;;;23825;Èimelice;;;è.p.;337;;;39804;777437.58;1108470.27;2013-12-01T00:00:00
26154692;549339;Èimelice;;;;;23825;Èimelice;;;è.p.;340;;;39804;776695.85;1108682.55;2013-12-01T00:00:00
26831660;549339;Èimelice;;;;;23825;Èimelice;;;è.p.;168;;;39804;777699.47;1107854.24;2013-12-01T00:00:00
26831678;549339;Èimelice;;;;;23825;Èimelice;;;è.p.;307;;;39804;776920.28;1108364.47;2013-12-01T00:00:00
27193063;549339;Èimelice;;;;;23825;Èimelice;;;è.p.;334;;;39804;777439.31;1108187.84;2013-12-01T00:00:00
27264670;549339;Èimelice;;;;;23825;Èimelice;;;è.p.;19;;;39804;;;2011-07-01T00:00:00
27328163;549339;Èimelice;;;;;23833;Krsice;;;è.p.;66;;;39804;776321.11;1106418.50;2020-10-19T00:00:00
27671852;549339;Èimelice;;;;;23825;Èimelice;;;è.p.;294;;;39804;777052.56;1107460.18;2013-12-01T00:00:00
28017901;549339;Èimelice;;;;;23825;Èimelice;;;è.p.;341;;;39804;777431.12;1107876.46;2013-12-01T00:00:00
28017919;549339;Èimelice;;;;;23825;Èimelice;;;è.p.;344;;;39804;777231.28;1107723.88;2013-12-01T00:00:00
28371101;549339;Èimelice;;;;;23825;Èimelice;;;è.p.;343;;;39804;777363.31;1108333.51;2016-11-09T00:00:00
28371127;549339;Èimelice;;;;;23825;Èimelice;;;è.p.;346;;;39804;777373.08;1108358.83;2013-12-01T00:00:00
30705398;549339;Èimelice;;;;;23825;Èimelice;;;è.p.;338;;;39804;776538.00;1108514.24;2013-12-01T00:00:00
30705401;549339;Èimelice;;;;;23833;Krsice;;;è.ev.;39;;;39804;776427.02;1106445.95;2013-12-01T00:00:00
40955702;549339;Èimelice;;;;;23825;Èimelice;;;è.p.;345;;;39804;777361.47;1108310.53;2013-12-01T00:00:00
40956211;549339;Èimelice;;;;;23825;Èimelice;;;è.p.;349;;;39804;776888.88;1108401.17;2013-12-01T00:00:00
42264332;549339;Èimelice;;;;;23825;Èimelice;;;è.p.;348;;;39804;776987.96;1108337.69;2013-12-01T00:00:00
42582300;549339;Èimelice;;;;;23833;Krsice;;;è.p.;68;;;39804;776164.22;1106421.21;2013-12-01T00:00:00
72938978;549339;Èimelice;;;;;23825;Èimelice;;;è.p.;350;;;39804;777025.85;1107919.02;2014-07-28T00:00:00
73139343;549339;Èimelice;;;;;23825;Èimelice;;;è.p.;394;;;39804;777392.44;1108326.37;2014-10-17T00:00:00
73810134;549339;Èimelice;;;;;23825;Èimelice;;;è.p.;355;;;39804;777108.46;1107430.10;2015-07-10T00:00:00
73815713;549339;Èimelice;;;;;23825;Èimelice;;;è.p.;342;;;39804;777344.31;1108285.33;2015-07-10T00:00:00
73939111;549339;Èimelice;;;;;23833;Krsice;;;è.p.;69;;;39804;777076.49;1105886.33;2015-08-05T00:00:00
73939374;549339;Èimelice;;;;;23833;Krsice;;;è.p.;67;;;39804;776727.24;1106055.83;2015-08-05T00:00:00
75056909;549339;Èimelice;;;;;23833;Krsice;;;è.p.;70;;;39804;776411.78;1106299.16;2016-05-30T00:00:00
75057026;549339;Èimelice;;;;;23825;Èimelice;;;è.p.;352;;;39804;777179.12;1108128.31;2016-05-30T00:00:00
75057999;549339;Èimelice;;;;;23825;Èimelice;;;è.p.;353;;;39804;776814.98;1108569.51;2016-05-30T00:00:00
75174065;549339;Èimelice;;;;;23825;Èimelice;;;è.p.;351;;;39804;777170.28;1108150.49;2016-07-01T00:00:00
75248565;549339;Èimelice;;;;;23825;Èimelice;;;è.p.;354;;;39804;777430.67;1108166.79;2016-08-17T00:00:00
75859459;549339;Èimelice;;;;;23833;Krsice;;;è.p.;71;;;39804;776908.07;1105926.44;2017-02-22T00:00:00
78129281;549339;Èimelice;;;;;23825;Èimelice;;;è.p.;357;;;39804;777384.89;1108380.76;2018-03-15T00:00:00
78686971;549339;Èimelice;;;;;23825;Èimelice;;;è.p.;358;;;39804;777315.30;1107840.75;2018-09-12T00:00:00
79406513;549339;Èimelice;;;;;23825;Èimelice;;;è.p.;360;;;39804;777179.11;1107506.49;2019-05-27T00:00:00
79435858;549339;Èimelice;;;;;23825;Èimelice;;;è.p.;359;;;39804;777187.22;1107553.60;2019-06-05T00:00:00
79905285;549339;Èimelice;;;;;23825;Èimelice;;;è.p.;356;;;39804;777139.31;1107576.90;2019-09-23T00:00:00
79950337;549339;Èimelice;;;;;23825;Èimelice;;;è.p.;361;;;39804;777131.21;1107559.24;2019-10-08T00:00:00
80024645;549339;Èimelice;;;;;23833;Krsice;;;è.p.;72;;;39804;776961.07;1105780.65;2021-03-03T00:00:00
80024912;549339;Èimelice;;;;;23825;Èimelice;;;è.p.;362;;;39804;777166.18;1107563.71;2019-11-06T00:00:00
80131921;549339;Èimelice;;;;;23825;Èimelice;;;è.p.;390;;;39804;777091.08;1107600.82;2019-12-03T00:00:00
80135587;549339;Èimelice;;;;;23825;Èimelice;;;è.p.;399;;;39804;777064.21;1107584.01;2020-01-02T00:00:00
80478051;549339;Èimelice;;;;;23833;Krsice;;;è.p.;74;;;39804;776425.74;1106345.12;2020-03-12T00:00:00
80937730;549339;Èimelice;;;;;23825;Èimelice;;;è.p.;375;;;39804;777168.37;1107541.67;2020-07-09T00:00:00
80954171;549339;Èimelice;;;;;23833;Krsice;;;è.p.;73;;;39804;776317.86;1106484.85;2020-07-13T00:00:00
81060955;549339;Èimelice;;;;;23825;Èimelice;;;è.p.;365;;;39804;777067.20;1107545.14;2020-08-07T00:00:00
81505574;549339;Èimelice;;;;;23825;Èimelice;;;è.p.;377;;;39804;777098.00;1107509.42;2021-02-15T00:00:00
81637586;549339;Èimelice;;;;;23825;Èimelice;;;è.p.;395;;;39804;777206.28;1107547.12;2021-04-13T00:00:00
82742995;549339;Èimelice;;;;;23825;Èimelice;;;è.p.;380;;;39804;777435.24;1107803.57;2022-03-14T00:00:00
82829110;549339;Èimelice;;;;;23825;Èimelice;;;è.p.;367;;;39804;777073.76;1107518.58;2022-04-08T00:00:00
