Kód ADM;Kód obce;Název obce;Kód MOMC;Název MOMC;Kód obvodu Prahy;Název obvodu Prahy;Kód èásti obce;Název èásti obce;Kód ulice;Název ulice;Typ SO;Èíslo domovní;Èíslo orientaèní;Znak èísla orientaèního;PSÈ;Souøadnice Y;Souøadnice X;Platí Od
3014851;530310;Neveklov;;;;;1953;Bìlice;;;è.p.;4;;;25744;744185.76;1078869.04;2013-12-07T00:00:00
3014860;530310;Neveklov;;;;;1953;Bìlice;;;è.p.;7;;;25744;744301.34;1078967.28;2013-12-07T00:00:00
3014878;530310;Neveklov;;;;;1953;Bìlice;;;è.p.;9;;;25744;744238.49;1078935.34;2013-12-07T00:00:00
3014886;530310;Neveklov;;;;;1953;Bìlice;;;è.p.;10;;;25744;744223.52;1078938.90;2013-12-07T00:00:00
3014894;530310;Neveklov;;;;;1953;Bìlice;;;è.p.;17;;;25744;744065.24;1078933.92;2013-12-07T00:00:00
3014908;530310;Neveklov;;;;;1953;Bìlice;;;è.p.;18;;;25744;744274.49;1078081.21;2013-12-07T00:00:00
3014916;530310;Neveklov;;;;;1953;Bìlice;;;è.p.;19;;;25744;743976.93;1079781.71;2013-12-07T00:00:00
3014924;530310;Neveklov;;;;;1953;Bìlice;;;è.p.;22;;;25756;742705.32;1079353.92;2013-12-07T00:00:00
3014932;530310;Neveklov;;;;;1953;Bìlice;;;è.p.;26;;;25744;742900.46;1077946.80;2013-12-07T00:00:00
3014941;530310;Neveklov;;;;;1953;Bìlice;;;è.p.;27;;;25744;742765.75;1078073.59;2013-12-07T00:00:00
3014959;530310;Neveklov;;;;;1953;Bìlice;;;è.p.;29;;;25744;742577.01;1078069.72;2013-12-07T00:00:00
3014967;530310;Neveklov;;;;;1953;Bìlice;;;è.p.;32;;;25744;744115.23;1078108.07;2013-12-07T00:00:00
3014975;530310;Neveklov;;;;;1953;Bìlice;;;è.p.;33;;;25744;744041.49;1078903.29;2013-12-07T00:00:00
3014991;530310;Neveklov;;;;;1953;Bìlice;;;è.p.;35;;;25744;744076.72;1078121.26;2013-12-07T00:00:00
3015009;530310;Neveklov;;;;;1953;Bìlice;;;è.p.;37;;;25744;743219.55;1077538.31;2013-12-07T00:00:00
3015017;530310;Neveklov;;;;;1953;Bìlice;;;è.p.;39;;;25744;744020.54;1078167.73;2013-12-07T00:00:00
3015025;530310;Neveklov;;;;;1953;Bìlice;;;è.p.;40;;;25744;743978.74;1078947.09;2013-12-07T00:00:00
3015033;530310;Neveklov;;;;;1953;Bìlice;;;è.p.;41;;;25744;743988.54;1078204.25;2013-12-07T00:00:00
3015041;530310;Neveklov;;;;;1953;Bìlice;;;è.p.;43;;;25744;744142.25;1078057.41;2013-12-07T00:00:00
3015050;530310;Neveklov;;;;;1953;Bìlice;;;è.p.;44;;;25744;744070.67;1078067.64;2013-12-07T00:00:00
3015068;530310;Neveklov;;;;;1953;Bìlice;;;è.p.;46;;;25744;743777.44;1078598.94;2013-12-07T00:00:00
3015076;530310;Neveklov;;;;;1953;Bìlice;;;è.p.;48;;;25744;744062.46;1078885.86;2013-12-07T00:00:00
3015084;530310;Neveklov;;;;;1953;Bìlice;;;è.p.;51;;;25744;743942.65;1079772.33;2013-12-07T00:00:00
3015092;530310;Neveklov;;;;;1953;Bìlice;;;è.p.;52;;;25744;744037.81;1078943.93;2013-12-07T00:00:00
3015106;530310;Neveklov;;;;;1953;Bìlice;;;è.p.;57;;;25744;744247.85;1078115.32;2013-12-07T00:00:00
3015114;530310;Neveklov;;;;;1953;Bìlice;;;è.p.;58;;;25744;743844.82;1078965.23;2013-12-07T00:00:00
3015122;530310;Neveklov;;;;;1953;Bìlice;;;è.p.;59;;;25744;743942.90;1078953.09;2013-12-07T00:00:00
3015131;530310;Neveklov;;;;;1953;Bìlice;;;è.p.;61;;;25744;743882.62;1078970.76;2013-12-07T00:00:00
3015149;530310;Neveklov;;;;;1953;Bìlice;;;è.p.;64;;;25744;743900.66;1078936.77;2013-12-07T00:00:00
3015157;530310;Neveklov;;;;;1953;Bìlice;;;è.p.;65;;;25744;744044.00;1078841.98;2013-12-07T00:00:00
3015165;530310;Neveklov;;;;;1953;Bìlice;;;è.p.;66;;;25744;744226.02;1078880.12;2013-12-07T00:00:00
3015173;530310;Neveklov;;;;;5533;Blažim;;;è.p.;1;;;25744;745409.56;1079206.73;2013-12-07T00:00:00
3015181;530310;Neveklov;;;;;5533;Blažim;;;è.p.;2;;;25744;745412.40;1079165.69;2013-12-07T00:00:00
3015203;530310;Neveklov;;;;;5533;Blažim;;;è.p.;5;;;25744;745429.54;1079147.32;2013-12-07T00:00:00
3015211;530310;Neveklov;;;;;5533;Blažim;;;è.p.;6;;;25744;745437.65;1079117.64;2013-12-07T00:00:00
3015220;530310;Neveklov;;;;;5533;Blažim;;;è.p.;7;;;25744;745474.05;1079097.63;2013-12-07T00:00:00
3015238;530310;Neveklov;;;;;5533;Blažim;;;è.p.;8;;;25744;745397.59;1079055.68;2013-12-07T00:00:00
3015246;530310;Neveklov;;;;;5533;Blažim;;;è.p.;9;;;25744;745482.66;1079101.86;2013-12-07T00:00:00
3015254;530310;Neveklov;;;;;5533;Blažim;;;è.p.;11;;;25744;745561.53;1079111.52;2013-12-07T00:00:00
3015262;530310;Neveklov;;;;;5533;Blažim;;;è.p.;12;;;25744;745521.00;1079142.42;2013-12-07T00:00:00
3015271;530310;Neveklov;;;;;5533;Blažim;;;è.p.;14;;;25744;745509.54;1079168.93;2013-12-07T00:00:00
3015289;530310;Neveklov;;;;;5533;Blažim;;;è.p.;15;;;25744;745526.36;1079195.75;2013-12-07T00:00:00
3015297;530310;Neveklov;;;;;5533;Blažim;;;è.p.;16;;;25744;745502.79;1079208.86;2013-12-07T00:00:00
3015301;530310;Neveklov;;;;;5533;Blažim;;;è.p.;17;;;25744;745540.07;1079231.30;2013-12-07T00:00:00
3015319;530310;Neveklov;;;;;5533;Blažim;;;è.p.;18;;;25744;745512.67;1079241.90;2013-12-07T00:00:00
3015327;530310;Neveklov;;;;;5533;Blažim;;;è.p.;20;;;25744;745472.02;1079222.19;2021-12-08T00:00:00
3015335;530310;Neveklov;;;;;5533;Blažim;;;è.p.;23;;;25744;745991.19;1080347.78;2013-12-07T00:00:00
3015343;530310;Neveklov;;;;;5533;Blažim;;;è.p.;25;;;25744;745033.58;1080014.74;2013-12-07T00:00:00
3015351;530310;Neveklov;;;;;5533;Blažim;;;è.p.;26;;;25744;745072.70;1079868.30;2013-12-07T00:00:00
3015360;530310;Neveklov;;;;;5533;Blažim;;;è.p.;32;;;25744;745095.75;1079942.40;2013-12-07T00:00:00
3015378;530310;Neveklov;;;;;5533;Blažim;;;è.p.;36;;;25744;745570.90;1079022.03;2013-12-07T00:00:00
3015386;530310;Neveklov;;;;;5533;Blažim;;;è.p.;40;;;25744;745325.41;1079321.46;2013-12-07T00:00:00
3015394;530310;Neveklov;;;;;5533;Blažim;;;è.p.;41;;;25744;745552.32;1079039.02;2013-12-07T00:00:00
3015408;530310;Neveklov;;;;;5533;Blažim;;;è.ev.;2;;;25744;746504.61;1079469.82;2013-12-07T00:00:00
3015416;530310;Neveklov;;;;;5533;Blažim;;;è.ev.;5;;;25744;745795.38;1080169.50;2014-05-21T00:00:00
3015602;530310;Neveklov;;;;;24511;Dalešice;;;è.p.;3;;;25744;743191.28;1076492.08;2013-12-07T00:00:00
3015611;530310;Neveklov;;;;;24511;Dalešice;;;è.p.;4;;;25744;743167.37;1076609.92;2013-12-07T00:00:00
3015629;530310;Neveklov;;;;;24511;Dalešice;;;è.p.;5;;;25744;743132.54;1076584.95;2013-12-07T00:00:00
3015637;530310;Neveklov;;;;;24511;Dalešice;;;è.p.;6;;;25744;743088.22;1076573.54;2013-12-07T00:00:00
3015645;530310;Neveklov;;;;;24511;Dalešice;;;è.p.;7;;;25744;743019.53;1076584.28;2013-12-07T00:00:00
3015653;530310;Neveklov;;;;;24511;Dalešice;;;è.p.;8;;;25744;742977.12;1076554.06;2013-12-07T00:00:00
3015661;530310;Neveklov;;;;;24511;Dalešice;;;è.p.;9;;;25744;743052.41;1076549.64;2013-12-07T00:00:00
3015670;530310;Neveklov;;;;;24511;Dalešice;;;è.p.;10;;;25744;743053.86;1076525.45;2013-12-07T00:00:00
3015688;530310;Neveklov;;;;;24511;Dalešice;;;è.p.;11;;;25744;743093.74;1076507.28;2013-12-07T00:00:00
3015696;530310;Neveklov;;;;;24511;Dalešice;;;è.p.;13;;;25744;743158.08;1076481.27;2013-12-07T00:00:00
3015700;530310;Neveklov;;;;;24511;Dalešice;;;è.p.;14;;;25744;743129.07;1076520.23;2013-12-07T00:00:00
3015718;530310;Neveklov;;;;;24511;Dalešice;;;è.p.;16;;;25744;743118.00;1076553.05;2013-12-07T00:00:00
3015726;530310;Neveklov;;;;;24511;Dalešice;;;è.p.;20;;;25744;743161.63;1076511.08;2013-12-07T00:00:00
3015734;530310;Neveklov;;;;;24511;Dalešice;;;è.p.;21;;;25744;743110.99;1076633.08;2013-12-07T00:00:00
3015742;530310;Neveklov;;;;;24511;Dalešice;;;è.p.;24;;;25744;742993.72;1076599.35;2013-12-07T00:00:00
3015751;530310;Neveklov;;;;;24511;Dalešice;;;è.p.;26;;;25744;743156.84;1076458.56;2013-12-07T00:00:00
3015769;530310;Neveklov;;;;;24511;Dalešice;;;è.p.;37;;;25744;743207.03;1076464.12;2013-12-07T00:00:00
3015831;530310;Neveklov;;;;;56154;Jablonná;;;è.p.;1;;;25744;745474.81;1077113.63;2013-12-07T00:00:00
3015840;530310;Neveklov;;;;;56154;Jablonná;;;è.p.;2;;;25744;745516.00;1077078.00;2013-12-07T00:00:00
3015858;530310;Neveklov;;;;;56154;Jablonná;;;è.p.;4;;;25744;745381.31;1077138.38;2013-12-07T00:00:00
3015866;530310;Neveklov;;;;;56154;Jablonná;;;è.p.;6;;;25744;745670.08;1077387.70;2013-12-07T00:00:00
3015874;530310;Neveklov;;;;;56154;Jablonná;;;è.p.;7;;;25744;745602.33;1077404.94;2013-12-07T00:00:00
3015882;530310;Neveklov;;;;;56154;Jablonná;;;è.p.;8;;;25744;745463.63;1077333.75;2013-12-07T00:00:00
3015891;530310;Neveklov;;;;;56154;Jablonná;;;è.p.;9;;;25744;745423.63;1077354.13;2013-12-07T00:00:00
3015904;530310;Neveklov;;;;;56154;Jablonná;;;è.p.;10;;;25744;745384.38;1077316.00;2013-12-07T00:00:00
3015912;530310;Neveklov;;;;;56154;Jablonná;;;è.p.;13;;;25744;745329.00;1077155.00;2013-12-07T00:00:00
3015921;530310;Neveklov;;;;;56154;Jablonná;;;è.p.;14;;;25744;745302.00;1077157.00;2013-12-07T00:00:00
3015939;530310;Neveklov;;;;;56154;Jablonná;;;è.p.;15;;;25744;745264.56;1077154.25;2013-12-07T00:00:00
3015947;530310;Neveklov;;;;;56154;Jablonná;;;è.p.;18;;;25744;745358.75;1076934.00;2013-12-07T00:00:00
3015955;530310;Neveklov;;;;;56154;Jablonná;;;è.p.;19;;;25744;747026.38;1076821.63;2013-12-07T00:00:00
3015963;530310;Neveklov;;;;;56154;Jablonná;;;è.p.;20;;;25744;744483.06;1077620.06;2013-12-07T00:00:00
3015971;530310;Neveklov;;;;;56154;Jablonná;;;è.p.;22;;;25744;745405.50;1077301.88;2013-12-07T00:00:00
3015980;530310;Neveklov;;;;;56154;Jablonná;;;è.p.;23;;;25744;745578.42;1077260.75;2013-12-07T00:00:00
3015998;530310;Neveklov;;;;;56154;Jablonná;;;è.p.;25;;;25744;745367.69;1076985.13;2013-12-07T00:00:00
3016005;530310;Neveklov;;;;;56154;Jablonná;;;è.p.;31;;;25744;745315.69;1077148.25;2013-12-07T00:00:00
3016013;530310;Neveklov;;;;;56154;Jablonná;;;è.p.;32;;;25744;745279.50;1077102.63;2013-12-07T00:00:00
3016021;530310;Neveklov;;;;;56154;Jablonná;;;è.p.;33;;;25744;747028.44;1076846.25;2013-12-07T00:00:00
3016030;530310;Neveklov;;;;;56154;Jablonná;;;è.p.;34;;;25744;745360.88;1077023.38;2013-12-07T00:00:00
3016048;530310;Neveklov;;;;;56154;Jablonná;;;è.p.;38;;;25744;745410.25;1076896.88;2013-12-07T00:00:00
3016056;530310;Neveklov;;;;;56154;Jablonná;;;è.p.;39;;;25744;745751.06;1077277.75;2013-12-07T00:00:00
3016064;530310;Neveklov;;;;;56154;Jablonná;;;è.p.;40;;;25744;745285.88;1077221.13;2013-12-07T00:00:00
3016072;530310;Neveklov;;;;;56154;Jablonná;;;è.p.;42;;;25744;745268.00;1076784.00;2013-12-07T00:00:00
3016081;530310;Neveklov;;;;;56154;Jablonná;;;è.p.;45;;;25744;745387.25;1076853.00;2013-12-07T00:00:00
3016099;530310;Neveklov;;;;;56154;Jablonná;;;è.p.;46;;;25744;745386.00;1076901.13;2013-12-07T00:00:00
3016102;530310;Neveklov;;;;;56154;Jablonná;;;è.p.;49;;;25744;745389.38;1076873.00;2013-12-07T00:00:00
3016111;530310;Neveklov;;;;;56154;Jablonná;;;è.p.;51;;;25744;745394.06;1076830.88;2013-12-07T00:00:00
3016129;530310;Neveklov;;;;;56154;Jablonná;;;è.p.;53;;;25744;745276.00;1076773.00;2013-12-07T00:00:00
3016137;530310;Neveklov;;;;;56154;Jablonná;;;è.p.;55;;;25744;745354.99;1077083.19;2013-12-07T00:00:00
3016145;530310;Neveklov;;;;;56154;Jablonná;;;è.p.;56;;;25744;745325.94;1077006.00;2013-12-07T00:00:00
3016153;530310;Neveklov;;;;;56154;Jablonná;;;è.p.;59;;;25744;745312.31;1077030.63;2013-12-07T00:00:00
3016161;530310;Neveklov;;;;;56154;Jablonná;;;è.p.;60;;;25744;745285.69;1077060.25;2013-12-07T00:00:00
3016170;530310;Neveklov;;;;;56154;Jablonná;;;è.ev.;14;;;25744;745258.00;1077131.79;2013-12-07T00:00:00
3016188;530310;Neveklov;;;;;56162;Nebøich;;;è.p.;1;;;25744;746899.50;1077883.25;2013-12-07T00:00:00
3016196;530310;Neveklov;;;;;56162;Nebøich;;;è.p.;2;;;25744;746944.75;1077800.25;2013-12-07T00:00:00
3016200;530310;Neveklov;;;;;56162;Nebøich;;;è.p.;4;;;25744;747037.31;1077819.75;2013-12-07T00:00:00
3016218;530310;Neveklov;;;;;56162;Nebøich;;;è.p.;5;;;25744;747055.38;1077823.00;2013-12-07T00:00:00
3016226;530310;Neveklov;;;;;56162;Nebøich;;;è.p.;8;;;25744;747109.75;1077920.63;2013-12-07T00:00:00
3016234;530310;Neveklov;;;;;56162;Nebøich;;;è.p.;9;;;25744;746891.63;1077820.50;2013-12-07T00:00:00
3016242;530310;Neveklov;;;;;56162;Nebøich;;;è.p.;10;;;25744;746929.76;1077843.07;2013-12-07T00:00:00
3016251;530310;Neveklov;;;;;56162;Nebøich;;;è.p.;11;;;25744;747165.63;1077974.75;2013-12-07T00:00:00
3016269;530310;Neveklov;;;;;56162;Nebøich;;;è.p.;12;;;25744;747134.25;1077946.25;2013-12-07T00:00:00
3016277;530310;Neveklov;;;;;56162;Nebøich;;;è.p.;15;;;25744;746972.19;1077734.00;2013-12-07T00:00:00
3016285;530310;Neveklov;;;;;56162;Nebøich;;;è.p.;20;;;25744;747094.00;1077883.00;2013-12-07T00:00:00
3016293;530310;Neveklov;;;;;56162;Nebøich;;;è.p.;22;;;25744;747112.76;1077822.18;2013-12-07T00:00:00
3016307;530310;Neveklov;;;;;56162;Nebøich;;;è.ev.;5;;;25744;747100.65;1077829.62;2013-12-07T00:00:00
3041166;530310;Neveklov;;;;;97322;Borovka;;;è.p.;1;;;25756;740041.51;1078459.00;2013-12-07T00:00:00
3041174;530310;Neveklov;;;;;97322;Borovka;;;è.p.;3;;;25756;739934.67;1078584.13;2013-12-07T00:00:00
3041182;530310;Neveklov;;;;;97322;Borovka;;;è.p.;4;;;25756;739944.18;1078614.77;2013-12-07T00:00:00
3041191;530310;Neveklov;;;;;97322;Borovka;;;è.p.;6;;;25756;739914.58;1078676.27;2013-12-07T00:00:00
3041204;530310;Neveklov;;;;;97322;Borovka;;;è.p.;8;;;25756;739889.78;1078588.41;2013-12-07T00:00:00
3041212;530310;Neveklov;;;;;97322;Borovka;;;è.p.;9;;;25756;739982.22;1078466.84;2013-12-07T00:00:00
3041221;530310;Neveklov;;;;;97322;Borovka;;;è.p.;10;;;25756;739466.23;1078372.70;2013-12-07T00:00:00
3041239;530310;Neveklov;;;;;97322;Borovka;;;è.p.;11;;;25756;739577.21;1078566.58;2013-12-07T00:00:00
3041247;530310;Neveklov;;;;;97322;Borovka;;;è.p.;12;;;25756;739595.22;1078616.32;2013-12-07T00:00:00
3041255;530310;Neveklov;;;;;97322;Borovka;;;è.p.;13;;;25756;739640.07;1078644.06;2013-12-07T00:00:00
3041271;530310;Neveklov;;;;;97322;Borovka;;;è.p.;17;;;25756;739702.16;1079226.15;2013-12-07T00:00:00
3041280;530310;Neveklov;;;;;97322;Borovka;;;è.p.;18;;;25756;739930.89;1078637.25;2013-12-07T00:00:00
3041298;530310;Neveklov;;;;;97322;Borovka;;;è.p.;19;;;25756;740008.28;1078492.93;2013-12-07T00:00:00
3041301;530310;Neveklov;;;;;97322;Borovka;;;è.p.;20;;;25756;739848.16;1078966.92;2013-12-07T00:00:00
3041310;530310;Neveklov;;;;;97322;Borovka;;;è.p.;21;;;25756;739798.21;1078634.11;2013-12-07T00:00:00
3041328;530310;Neveklov;;;;;97322;Borovka;;;è.p.;22;;;25756;739944.32;1078497.04;2013-12-07T00:00:00
3041336;530310;Neveklov;;;;;97331;Lipka;;;è.p.;1;;;25756;738192.73;1078172.07;2013-12-07T00:00:00
3041344;530310;Neveklov;;;;;97331;Lipka;;;è.p.;3;;;25756;738353.74;1078202.38;2013-12-07T00:00:00
3041352;530310;Neveklov;;;;;97331;Lipka;;;è.p.;5;;;25756;738403.82;1077952.40;2013-12-07T00:00:00
3041361;530310;Neveklov;;;;;97331;Lipka;;;è.p.;7;;;25756;738211.57;1078422.38;2013-12-07T00:00:00
3041379;530310;Neveklov;;;;;97331;Lipka;;;è.p.;8;;;25756;738176.89;1078199.88;2013-12-07T00:00:00
3041387;530310;Neveklov;;;;;97331;Lipka;;;è.p.;9;;;25756;738174.44;1078252.56;2013-12-07T00:00:00
3041395;530310;Neveklov;;;;;97331;Lipka;;;è.p.;18;;;25756;738407.72;1078215.86;2013-12-07T00:00:00
3041409;530310;Neveklov;;;;;97331;Lipka;;;è.p.;19;;;25756;738419.56;1078254.97;2013-12-07T00:00:00
3041417;530310;Neveklov;;;;;97349;Mlékovice;;;è.p.;1;;;25756;740755.58;1078039.54;2013-12-07T00:00:00
3041425;530310;Neveklov;;;;;97349;Mlékovice;;;è.p.;2;;;25756;740703.11;1078136.95;2013-12-07T00:00:00
3041433;530310;Neveklov;;;;;97349;Mlékovice;;;è.p.;3;;;25756;740730.72;1078146.85;2013-12-07T00:00:00
3041441;530310;Neveklov;;;;;97349;Mlékovice;;;è.p.;7;;;25756;740801.41;1078212.05;2013-12-07T00:00:00
3041450;530310;Neveklov;;;;;97349;Mlékovice;;;è.p.;8;;;25756;740891.78;1078227.48;2013-12-07T00:00:00
3041468;530310;Neveklov;;;;;97349;Mlékovice;;;è.p.;10;;;25756;740818.87;1078277.93;2013-12-07T00:00:00
3041484;530310;Neveklov;;;;;97349;Mlékovice;;;è.p.;12;;;25756;740617.49;1078123.31;2013-12-07T00:00:00
3041492;530310;Neveklov;;;;;97349;Mlékovice;;;è.p.;13;;;25756;740678.80;1078047.93;2013-12-07T00:00:00
3041506;530310;Neveklov;;;;;97349;Mlékovice;;;è.p.;14;;;25756;740628.36;1078086.14;2013-12-07T00:00:00
3041514;530310;Neveklov;;;;;97349;Mlékovice;;;è.p.;15;;;25756;740710.10;1078068.29;2013-12-07T00:00:00
3041522;530310;Neveklov;;;;;97349;Mlékovice;;;è.p.;17;;;25756;739893.52;1077508.68;2013-12-07T00:00:00
3041531;530310;Neveklov;;;;;97349;Mlékovice;;;è.p.;19;;;25756;740023.46;1077434.73;2013-12-07T00:00:00
3041549;530310;Neveklov;;;;;97349;Mlékovice;;;è.p.;22;;;25756;741013.91;1078255.39;2013-12-07T00:00:00
3041557;530310;Neveklov;;;;;97349;Mlékovice;;;è.p.;23;;;25756;740861.45;1078297.05;2013-12-07T00:00:00
3041565;530310;Neveklov;;;;;97349;Mlékovice;;;è.p.;24;;;25756;740719.31;1078111.24;2013-12-07T00:00:00
3041573;530310;Neveklov;;;;;97349;Mlékovice;;;è.p.;25;;;25756;740557.25;1078079.11;2013-12-07T00:00:00
3041581;530310;Neveklov;;;;;97349;Mlékovice;;;è.p.;26;;;25756;740535.37;1078078.63;2013-12-07T00:00:00
3041590;530310;Neveklov;;;;;97349;Mlékovice;;;è.p.;27;;;25756;740515.87;1078078.05;2013-12-07T00:00:00
3041603;530310;Neveklov;;;;;97349;Mlékovice;;;è.p.;28;;;25756;740495.42;1078077.56;2013-12-07T00:00:00
3041611;530310;Neveklov;;;;;97357;Ouštice;;;è.p.;3;;;25756;739027.06;1077650.56;2013-12-07T00:00:00
3041620;530310;Neveklov;;;;;97357;Ouštice;;;è.p.;4;;;25756;738993.65;1077626.35;2013-12-07T00:00:00
3041638;530310;Neveklov;;;;;97357;Ouštice;;;è.p.;5;;;25756;738878.50;1077636.72;2013-12-07T00:00:00
3041646;530310;Neveklov;;;;;97357;Ouštice;;;è.p.;6;;;25756;738848.35;1077682.16;2013-12-07T00:00:00
3041654;530310;Neveklov;;;;;97357;Ouštice;;;è.p.;7;;;25756;738792.23;1077719.77;2013-12-07T00:00:00
3041662;530310;Neveklov;;;;;97357;Ouštice;;;è.p.;9;;;25756;738873.87;1077729.72;2013-12-07T00:00:00
3041671;530310;Neveklov;;;;;97357;Ouštice;;;è.p.;10;;;25756;738922.57;1077745.37;2013-12-07T00:00:00
3041689;530310;Neveklov;;;;;97357;Ouštice;;;è.p.;12;;;25756;738962.97;1077715.11;2013-12-07T00:00:00
3041697;530310;Neveklov;;;;;97357;Ouštice;;;è.p.;13;;;25756;739280.32;1077883.46;2013-12-07T00:00:00
3041701;530310;Neveklov;;;;;97357;Ouštice;;;è.p.;14;;;25756;739298.12;1077856.16;2013-12-07T00:00:00
3041719;530310;Neveklov;;;;;97357;Ouštice;;;è.p.;18;;;25756;739172.75;1077939.18;2013-12-07T00:00:00
3041727;530310;Neveklov;;;;;97357;Ouštice;;;è.p.;19;;;25756;739190.80;1077959.42;2013-12-07T00:00:00
3041735;530310;Neveklov;;;;;97357;Ouštice;;;è.p.;20;;;25756;739105.11;1077727.17;2013-12-07T00:00:00
3041743;530310;Neveklov;;;;;97357;Ouštice;;;è.p.;21;;;25756;738922.49;1077719.07;2013-12-07T00:00:00
3041751;530310;Neveklov;;;;;97357;Ouštice;;;è.p.;22;;;25756;739128.99;1077894.65;2013-12-07T00:00:00
3041760;530310;Neveklov;;;;;97357;Ouštice;;;è.p.;26;;;25756;739006.33;1077739.85;2013-12-07T00:00:00
3041778;530310;Neveklov;;;;;97357;Ouštice;;;è.p.;31;;;25756;739020.52;1077742.72;2013-12-07T00:00:00
3041786;530310;Neveklov;;;;;97357;Ouštice;;;è.p.;32;;;25756;739079.12;1077825.75;2013-12-07T00:00:00
3041794;530310;Neveklov;;;;;97357;Ouštice;;;è.p.;33;;;25756;739013.90;1077691.73;2013-12-07T00:00:00
3041808;530310;Neveklov;;;;;97365;Radslavice;;;è.p.;5;;;25756;741165.75;1077679.86;2013-12-07T00:00:00
3041816;530310;Neveklov;;;;;97365;Radslavice;;;è.p.;7;;;25756;741217.65;1077700.52;2013-12-07T00:00:00
3041824;530310;Neveklov;;;;;97365;Radslavice;;;è.p.;16;;;25756;741289.95;1077777.06;2013-12-07T00:00:00
3041841;530310;Neveklov;;;;;97365;Radslavice;;;è.p.;19;;;25756;741305.26;1077758.09;2013-12-07T00:00:00
3041859;530310;Neveklov;;;;;97365;Radslavice;;;è.p.;20;;;25756;741018.93;1077775.66;2013-12-07T00:00:00
3042341;530310;Neveklov;;;;;103870;Chvojínek;;;è.p.;1;;;25756;737790.02;1079780.78;2013-12-07T00:00:00
3042359;530310;Neveklov;;;;;103870;Chvojínek;;;è.p.;4;;;25756;737762.87;1079587.76;2013-12-07T00:00:00
3042367;530310;Neveklov;;;;;103870;Chvojínek;;;è.p.;10;;;25756;737820.15;1079384.07;2013-12-07T00:00:00
3042375;530310;Neveklov;;;;;103870;Chvojínek;;;è.p.;11;;;25756;737777.04;1079354.47;2013-12-07T00:00:00
3042383;530310;Neveklov;;;;;103870;Chvojínek;;;è.p.;13;;;25756;737661.38;1079617.05;2013-12-07T00:00:00
3042391;530310;Neveklov;;;;;103870;Chvojínek;;;è.p.;14;;;25756;737694.90;1079609.06;2021-05-14T00:00:00
3042405;530310;Neveklov;;;;;103870;Chvojínek;;;è.p.;15;;;25756;737722.31;1079657.13;2013-12-07T00:00:00
3042413;530310;Neveklov;;;;;103870;Chvojínek;;;è.p.;16;;;25756;737398.97;1080122.69;2013-12-07T00:00:00
3042421;530310;Neveklov;;;;;103870;Chvojínek;;;è.p.;17;;;25756;737698.25;1079748.42;2013-12-07T00:00:00
3042430;530310;Neveklov;;;;;103888;Neštìtice;;;è.p.;1;;;25756;736390.71;1080476.03;2013-12-07T00:00:00
3042448;530310;Neveklov;;;;;103888;Neštìtice;;;è.p.;2;;;25756;736429.29;1080402.70;2013-12-07T00:00:00
3042456;530310;Neveklov;;;;;103888;Neštìtice;;;è.p.;4;;;25756;736564.33;1080433.87;2013-12-07T00:00:00
3042464;530310;Neveklov;;;;;103888;Neštìtice;;;è.p.;6;;;25756;736639.26;1080358.04;2013-12-07T00:00:00
3042472;530310;Neveklov;;;;;103888;Neštìtice;;;è.p.;7;;;25756;736546.94;1080322.62;2013-12-07T00:00:00
3042481;530310;Neveklov;;;;;103888;Neštìtice;;;è.p.;9;;;25756;736421.93;1080309.13;2013-12-07T00:00:00
3042499;530310;Neveklov;;;;;103888;Neštìtice;;;è.p.;10;;;25756;736412.61;1080279.92;2013-12-07T00:00:00
3042502;530310;Neveklov;;;;;103888;Neštìtice;;;è.p.;12;;;25756;736282.53;1080290.43;2013-12-07T00:00:00
3042511;530310;Neveklov;;;;;103888;Neštìtice;;;è.p.;13;;;25756;736277.57;1080377.28;2013-12-07T00:00:00
3042529;530310;Neveklov;;;;;103888;Neštìtice;;;è.p.;15;;;25756;736481.51;1080356.57;2013-12-07T00:00:00
3042537;530310;Neveklov;;;;;103888;Neštìtice;;;è.p.;18;;;25756;736610.64;1080356.59;2013-12-07T00:00:00
3042545;530310;Neveklov;;;;;103888;Neštìtice;;;è.p.;22;;;25756;736664.51;1080434.87;2013-12-07T00:00:00
3042553;530310;Neveklov;;;;;103888;Neštìtice;;;è.p.;25;;;25756;736652.60;1080380.00;2013-12-07T00:00:00
3042561;530310;Neveklov;;;;;103888;Neštìtice;;;è.p.;26;;;25756;736751.92;1080447.65;2013-12-07T00:00:00
3042570;530310;Neveklov;;;;;103888;Neštìtice;;;è.p.;27;;;25756;736623.20;1080274.83;2013-12-07T00:00:00
3042588;530310;Neveklov;;;;;103888;Neštìtice;;;è.p.;28;;;25756;736327.01;1080520.27;2013-12-07T00:00:00
3042596;530310;Neveklov;;;;;103888;Neštìtice;;;è.p.;29;;;25756;736375.43;1080568.02;2013-12-07T00:00:00
3042600;530310;Neveklov;;;;;104272;Dubovka;;;è.p.;1;;;25756;738221.94;1080766.47;2013-12-07T00:00:00
3042618;530310;Neveklov;;;;;104272;Dubovka;;;è.p.;4;;;25756;738192.39;1080687.99;2013-12-07T00:00:00
3042626;530310;Neveklov;;;;;104272;Dubovka;;;è.p.;5;;;25756;738239.21;1080704.40;2013-12-07T00:00:00
3042634;530310;Neveklov;;;;;104272;Dubovka;;;è.p.;7;;;25756;738303.40;1080673.25;2013-12-07T00:00:00
3042642;530310;Neveklov;;;;;104272;Dubovka;;;è.p.;14;;;25756;738166.12;1080765.86;2013-12-07T00:00:00
3042651;530310;Neveklov;;;;;104281;Neveklov;3492;Pod Radnicí;è.p.;1;;;25756;739922.59;1080838.85;2013-12-07T00:00:00
3042669;530310;Neveklov;;;;;104281;Neveklov;3514;Pražská;è.p.;4;;;25756;740101.77;1080713.04;2013-12-07T00:00:00
3042677;530310;Neveklov;;;;;104281;Neveklov;3514;Pražská;è.p.;5;;;25756;740090.52;1080806.77;2013-12-07T00:00:00
3042685;530310;Neveklov;;;;;104281;Neveklov;3514;Pražská;è.p.;7;;;25756;740106.94;1080860.45;2013-12-07T00:00:00
3042693;530310;Neveklov;;;;;104281;Neveklov;3514;Pražská;è.p.;9;;;25756;740098.22;1080892.19;2013-12-07T00:00:00
3042707;530310;Neveklov;;;;;104281;Neveklov;3514;Pražská;è.p.;10;;;25756;740099.54;1080905.20;2013-12-07T00:00:00
3042715;530310;Neveklov;;;;;104281;Neveklov;3441;Komenského;è.p.;11;;;25756;740115.93;1080926.05;2013-12-07T00:00:00
3042723;530310;Neveklov;;;;;104281;Neveklov;3441;Komenského;è.p.;13;;;25756;740155.07;1080936.48;2013-12-07T00:00:00
3042731;530310;Neveklov;;;;;104281;Neveklov;3441;Komenského;è.p.;14;;;25756;740184.89;1080978.02;2013-12-07T00:00:00
3042740;530310;Neveklov;;;;;104281;Neveklov;3441;Komenského;è.p.;16;;;25756;740103.67;1080940.29;2013-12-07T00:00:00
3042758;530310;Neveklov;;;;;104281;Neveklov;3441;Komenského;è.p.;17;;;25756;740071.23;1080942.40;2013-12-07T00:00:00
3042766;530310;Neveklov;;;;;104281;Neveklov;3441;Komenského;è.p.;20;;;25756;740011.26;1080947.88;2013-12-07T00:00:00
3042774;530310;Neveklov;;;;;104281;Neveklov;3506;Sokolská;è.p.;21;;;25756;739473.72;1081035.80;2013-12-07T00:00:00
3042782;530310;Neveklov;;;;;104281;Neveklov;3468;Malé námìstí;è.p.;22;;;25756;739783.93;1080915.47;2013-12-07T00:00:00
3042791;530310;Neveklov;;;;;104281;Neveklov;3468;Malé námìstí;è.p.;25;;;25756;739829.50;1080990.56;2014-11-03T00:00:00
3042804;530310;Neveklov;;;;;104281;Neveklov;3565;Táborská;è.p.;26;;;25756;739779.16;1081035.74;2013-12-07T00:00:00
3042812;530310;Neveklov;;;;;104281;Neveklov;3565;Táborská;è.p.;27;;;25756;739796.50;1081011.17;2013-12-07T00:00:00
3042821;530310;Neveklov;;;;;104281;Neveklov;3565;Táborská;è.p.;30;;;25756;739754.95;1081088.92;2013-12-07T00:00:00
3042839;530310;Neveklov;;;;;104281;Neveklov;3565;Táborská;è.p.;33;;;25756;739721.67;1081129.10;2013-12-07T00:00:00
3042847;530310;Neveklov;;;;;104281;Neveklov;3565;Táborská;è.p.;34;;;25756;739678.36;1081191.65;2013-12-07T00:00:00
3042855;530310;Neveklov;;;;;104281;Neveklov;3565;Táborská;è.p.;35;;;25756;739674.91;1081202.72;2013-12-07T00:00:00
3042863;530310;Neveklov;;;;;104281;Neveklov;3565;Táborská;è.p.;36;;;25756;739685.20;1081240.01;2013-12-07T00:00:00
3042871;530310;Neveklov;;;;;104281;Neveklov;3565;Táborská;è.p.;38;;;25756;739695.95;1081130.21;2013-12-07T00:00:00
3042880;530310;Neveklov;;;;;104281;Neveklov;3565;Táborská;è.p.;39;;;25756;739720.46;1081095.70;2013-12-07T00:00:00
3042898;530310;Neveklov;;;;;104281;Neveklov;3565;Táborská;è.p.;40;;;25756;739727.89;1081070.38;2014-11-03T00:00:00
3042901;530310;Neveklov;;;;;104281;Neveklov;3409;Benešovská;è.p.;41;;;25756;739517.20;1081141.92;2013-12-07T00:00:00
3042910;530310;Neveklov;;;;;104281;Neveklov;3409;Benešovská;è.p.;43;;;25756;739671.93;1081041.60;2013-12-07T00:00:00
3042928;530310;Neveklov;;;;;104281;Neveklov;3409;Benešovská;è.p.;44;;;25756;739693.72;1081036.71;2013-12-07T00:00:00
3042936;530310;Neveklov;;;;;104281;Neveklov;3409;Benešovská;è.p.;45;;;25756;739746.49;1081030.73;2013-12-07T00:00:00
3042944;530310;Neveklov;;;;;104281;Neveklov;3565;Táborská;è.p.;46;;;25756;739760.05;1081022.70;2013-12-07T00:00:00
3042952;530310;Neveklov;;;;;104281;Neveklov;3468;Malé námìstí;è.p.;48;;;25756;739788.81;1080986.16;2013-12-07T00:00:00
3042961;530310;Neveklov;;;;;104281;Neveklov;3468;Malé námìstí;è.p.;50;;;25756;739803.60;1080950.98;2013-12-07T00:00:00
3042979;530310;Neveklov;;;;;104281;Neveklov;3468;Malé námìstí;è.p.;51;;;25756;739795.06;1080915.72;2013-12-07T00:00:00
3042987;530310;Neveklov;;;;;104281;Neveklov;3433;Husova;è.p.;56;;;25756;739592.86;1080457.78;2013-12-07T00:00:00
3042995;530310;Neveklov;;;;;104281;Neveklov;3484;námìstí Jana Heømana;è.p.;57;;;25756;739837.31;1080896.66;2013-12-07T00:00:00
3043002;530310;Neveklov;;;;;104281;Neveklov;3484;námìstí Jana Heømana;è.p.;58;;;25756;739841.64;1080873.13;2013-12-07T00:00:00
3043011;530310;Neveklov;;;;;104281;Neveklov;3484;námìstí Jana Heømana;è.p.;59;;;25756;739845.10;1080851.29;2013-12-07T00:00:00
3043029;530310;Neveklov;;;;;104281;Neveklov;3433;Husova;è.p.;60;;;25756;739806.05;1080804.89;2013-12-07T00:00:00
3043037;530310;Neveklov;;;;;104281;Neveklov;3484;námìstí Jana Heømana;è.p.;63;;;25756;739865.88;1080827.21;2013-12-07T00:00:00
3043045;530310;Neveklov;;;;;104281;Neveklov;3484;námìstí Jana Heømana;è.p.;64;;;25756;739891.88;1080834.74;2013-12-07T00:00:00
3043053;530310;Neveklov;;;;;104281;Neveklov;3492;Pod Radnicí;è.p.;66;;;25756;739908.36;1080818.26;2013-12-07T00:00:00
3043061;530310;Neveklov;;;;;104281;Neveklov;3492;Pod Radnicí;è.p.;68;;;25756;739974.09;1080803.09;2013-12-07T00:00:00
3043070;530310;Neveklov;;;;;104281;Neveklov;3492;Pod Radnicí;è.p.;74;;;25756;740011.71;1080808.63;2013-12-07T00:00:00
3043088;530310;Neveklov;;;;;104281;Neveklov;3484;námìstí Jana Heømana;è.p.;77;;;25756;739917.09;1080853.08;2013-12-07T00:00:00
3043096;530310;Neveklov;;;;;104281;Neveklov;3484;námìstí Jana Heømana;è.p.;78;;;25756;739909.83;1080867.52;2013-12-07T00:00:00
3043100;530310;Neveklov;;;;;104281;Neveklov;3484;námìstí Jana Heømana;è.p.;79;;;25756;739904.57;1080880.95;2013-12-07T00:00:00
3043118;530310;Neveklov;;;;;104281;Neveklov;3484;námìstí Jana Heømana;è.p.;80;;;25756;739902.10;1080899.71;2013-12-07T00:00:00
3043126;530310;Neveklov;;;;;104281;Neveklov;3484;námìstí Jana Heømana;è.p.;81;;;25756;739901.84;1080911.53;2013-12-07T00:00:00
3043134;530310;Neveklov;;;;;104281;Neveklov;3484;námìstí Jana Heømana;è.p.;82;;;25756;739903.05;1080921.19;2013-12-07T00:00:00
3043142;530310;Neveklov;;;;;104281;Neveklov;3484;námìstí Jana Heømana;è.p.;83;;;25756;739907.15;1080934.11;2013-12-07T00:00:00
3043151;530310;Neveklov;;;;;104281;Neveklov;3441;Komenského;è.p.;84;;;25756;739910.25;1080952.24;2013-12-07T00:00:00
3043169;530310;Neveklov;;;;;104281;Neveklov;3514;Pražská;è.p.;87;;;25756;740074.66;1080887.20;2013-12-07T00:00:00
3043177;530310;Neveklov;;;;;104281;Neveklov;3514;Pražská;è.p.;88;;;25756;740076.85;1080866.05;2013-12-07T00:00:00
3043185;530310;Neveklov;;;;;104281;Neveklov;3409;Benešovská;è.p.;90;;;25756;739542.66;1081014.70;2013-12-07T00:00:00
3043193;530310;Neveklov;;;;;104281;Neveklov;3514;Pražská;è.p.;92;;;25756;740085.49;1080669.21;2013-12-07T00:00:00
3043207;530310;Neveklov;;;;;104281;Neveklov;3514;Pražská;è.p.;94;;;25756;740110.75;1080672.55;2013-12-07T00:00:00
3043215;530310;Neveklov;;;;;104281;Neveklov;3441;Komenského;è.p.;95;;;25756;740118.08;1080946.87;2013-12-07T00:00:00
3043223;530310;Neveklov;;;;;104281;Neveklov;3565;Táborská;è.p.;96;;;25756;739705.65;1081177.70;2013-12-07T00:00:00
3043231;530310;Neveklov;;;;;104281;Neveklov;3565;Táborská;è.p.;97;;;25756;739685.33;1081140.83;2013-12-07T00:00:00
3043240;530310;Neveklov;;;;;104281;Neveklov;3522;Rákosníkova;è.p.;98;;;25756;739637.49;1080898.15;2013-12-07T00:00:00
3043258;530310;Neveklov;;;;;104281;Neveklov;3514;Pražská;è.p.;99;;;25756;740107.68;1080688.74;2013-12-07T00:00:00
3043266;530310;Neveklov;;;;;104281;Neveklov;3492;Pod Radnicí;è.p.;101;;;25756;740063.05;1080776.34;2013-12-07T00:00:00
3043274;530310;Neveklov;;;;;104281;Neveklov;3484;námìstí Jana Heømana;è.p.;102;;;25756;739835.80;1080916.08;2013-12-07T00:00:00
3043282;530310;Neveklov;;;;;104281;Neveklov;3514;Pražská;è.p.;105;;;25756;740099.23;1080736.31;2013-12-07T00:00:00
3043291;530310;Neveklov;;;;;104281;Neveklov;3476;Na Leškovì;è.p.;106;;;25756;739963.47;1081010.75;2013-12-07T00:00:00
3043304;530310;Neveklov;;;;;104281;Neveklov;3409;Benešovská;è.p.;108;;;25756;739717.29;1081036.92;2013-12-07T00:00:00
3043312;530310;Neveklov;;;;;104281;Neveklov;3433;Husova;è.p.;110;;;25756;739803.18;1080775.49;2013-12-07T00:00:00
3043321;530310;Neveklov;;;;;104281;Neveklov;3492;Pod Radnicí;è.p.;112;;;25756;740037.80;1080811.46;2013-12-07T00:00:00
3043339;530310;Neveklov;;;;;104281;Neveklov;3441;Komenského;è.p.;114;;;25756;740147.73;1080966.74;2013-12-07T00:00:00
3043347;530310;Neveklov;;;;;104281;Neveklov;3441;Komenského;è.p.;116;;;25756;740165.61;1080964.41;2013-12-07T00:00:00
3043355;530310;Neveklov;;;;;104281;Neveklov;3565;Táborská;è.p.;118;;;25756;739709.56;1081274.12;2013-12-07T00:00:00
3043363;530310;Neveklov;;;;;104281;Neveklov;3514;Pražská;è.p.;120;;;25756;740075.70;1080744.15;2013-12-07T00:00:00
3043371;530310;Neveklov;;;;;104281;Neveklov;3514;Pražská;è.p.;121;;;25756;740094.75;1080769.06;2013-12-07T00:00:00
3043380;530310;Neveklov;;;;;104281;Neveklov;3565;Táborská;è.p.;122;;;25756;739711.86;1081138.51;2013-12-07T00:00:00
3043398;530310;Neveklov;;;;;104281;Neveklov;3565;Táborská;è.p.;124;;;25756;739701.85;1081151.15;2013-12-07T00:00:00
3043401;530310;Neveklov;;;;;104281;Neveklov;3514;Pražská;è.p.;125;;;25756;740064.66;1080610.43;2013-12-07T00:00:00
3043410;530310;Neveklov;;;;;104281;Neveklov;3433;Husova;è.p.;127;;;25756;739793.44;1080795.55;2013-12-07T00:00:00
3043428;530310;Neveklov;;;;;104281;Neveklov;3506;Sokolská;è.p.;129;;;25756;739530.28;1080975.11;2013-12-07T00:00:00
3043436;530310;Neveklov;;;;;104281;Neveklov;3565;Táborská;è.p.;132;;;25756;739710.55;1081109.89;2013-12-07T00:00:00
3043444;530310;Neveklov;;;;;104281;Neveklov;3506;Sokolská;è.p.;133;;;25756;739519.16;1080995.79;2013-12-07T00:00:00
3043452;530310;Neveklov;;;;;104281;Neveklov;3433;Husova;è.p.;134;;;25756;739774.59;1080753.26;2013-12-07T00:00:00
3043461;530310;Neveklov;;;;;104281;Neveklov;3433;Husova;è.p.;135;;;25756;739787.65;1080763.50;2013-12-07T00:00:00
3043479;530310;Neveklov;;;;;104281;Neveklov;3433;Husova;è.p.;136;;;25756;739763.59;1080744.44;2013-12-07T00:00:00
3043487;530310;Neveklov;;;;;104281;Neveklov;3433;Husova;è.p.;137;;;25756;739740.49;1080726.21;2013-12-07T00:00:00
3043495;530310;Neveklov;;;;;104281;Neveklov;3433;Husova;è.p.;138;;;25756;739749.41;1080762.87;2013-12-07T00:00:00
3043509;530310;Neveklov;;;;;104281;Neveklov;3565;Táborská;è.p.;139;;;25756;739698.33;1081264.09;2013-12-07T00:00:00
3043517;530310;Neveklov;;;;;104281;Neveklov;3433;Husova;è.p.;140;;;25756;739666.98;1080564.56;2013-12-07T00:00:00
3043525;530310;Neveklov;;;;;104281;Neveklov;3433;Husova;è.p.;141;;;25756;739720.29;1080675.94;2013-12-07T00:00:00
3043533;530310;Neveklov;;;;;104281;Neveklov;3433;Husova;è.p.;142;;;25756;739722.27;1080690.09;2013-12-07T00:00:00
3043541;530310;Neveklov;;;;;104281;Neveklov;3433;Husova;è.p.;143;;;25756;739717.76;1080660.96;2013-12-07T00:00:00
3043550;530310;Neveklov;;;;;104281;Neveklov;3433;Husova;è.p.;144;;;25756;739716.69;1080647.33;2013-12-07T00:00:00
3043568;530310;Neveklov;;;;;104281;Neveklov;3433;Husova;è.p.;146;;;25756;739707.59;1080620.64;2013-12-07T00:00:00
3043576;530310;Neveklov;;;;;104281;Neveklov;3433;Husova;è.p.;147;;;25756;739699.65;1080608.14;2013-12-07T00:00:00
3043592;530310;Neveklov;;;;;104281;Neveklov;3433;Husova;è.p.;149;;;25756;739568.88;1080488.56;2013-12-07T00:00:00
3043606;530310;Neveklov;;;;;104281;Neveklov;3433;Husova;è.p.;152;;;25756;739677.71;1080578.87;2013-12-07T00:00:00
3043614;530310;Neveklov;;;;;104281;Neveklov;3514;Pražská;è.p.;153;;;25756;740077.80;1080910.43;2013-12-07T00:00:00
3043622;530310;Neveklov;;;;;104281;Neveklov;3433;Husova;è.p.;154;;;25756;739683.51;1080682.98;2013-12-07T00:00:00
3043631;530310;Neveklov;;;;;104281;Neveklov;3514;Pražská;è.p.;155;;;25756;740080.61;1080729.72;2013-12-07T00:00:00
3043649;530310;Neveklov;;;;;104281;Neveklov;3433;Husova;è.p.;157;;;25756;739667.39;1080614.73;2013-12-07T00:00:00
3043657;530310;Neveklov;;;;;104281;Neveklov;3522;Rákosníkova;è.p.;158;;;25756;739646.68;1080699.93;2013-12-07T00:00:00
3043665;530310;Neveklov;;;;;104281;Neveklov;3433;Husova;è.p.;159;;;25756;739625.49;1080524.05;2013-12-07T00:00:00
3043673;530310;Neveklov;;;;;104281;Neveklov;3522;Rákosníkova;è.p.;162;;;25756;739590.83;1080771.69;2013-12-07T00:00:00
3043690;530310;Neveklov;;;;;104281;Neveklov;3433;Husova;è.p.;164;;;25756;739676.13;1080538.53;2013-12-07T00:00:00
3043711;530310;Neveklov;;;;;104281;Neveklov;3514;Pražská;è.p.;167;;;25756;740069.55;1080819.63;2013-12-07T00:00:00
3043720;530310;Neveklov;;;;;104281;Neveklov;3409;Benešovská;è.p.;169;;;25756;739570.13;1081094.42;2013-12-07T00:00:00
3043746;530310;Neveklov;;;;;104281;Neveklov;3433;Husova;è.p.;173;;;25756;739639.90;1080577.34;2013-12-07T00:00:00
3043762;530310;Neveklov;;;;;104281;Neveklov;3433;Husova;è.p.;176;;;25756;739657.05;1080549.85;2013-12-07T00:00:00
3043771;530310;Neveklov;;;;;104281;Neveklov;3514;Pražská;è.p.;177;;;25756;740092.03;1080829.24;2013-12-07T00:00:00
3043789;530310;Neveklov;;;;;104281;Neveklov;3514;Pražská;è.p.;179;;;25756;740101.54;1080415.72;2013-12-07T00:00:00
3043797;530310;Neveklov;;;;;104281;Neveklov;3409;Benešovská;è.p.;180;;;25756;739545.95;1081053.16;2013-12-07T00:00:00
3043801;530310;Neveklov;;;;;104281;Neveklov;3522;Rákosníkova;è.p.;182;;;25756;739581.54;1080957.16;2013-12-07T00:00:00
3043827;530310;Neveklov;;;;;104281;Neveklov;3409;Benešovská;è.p.;184;;;25756;739604.06;1081078.18;2013-12-07T00:00:00
3043843;530310;Neveklov;;;;;104281;Neveklov;3506;Sokolská;è.p.;188;;;25756;739393.25;1081020.63;2013-12-07T00:00:00
3043851;530310;Neveklov;;;;;104281;Neveklov;3522;Rákosníkova;è.p.;189;;;25756;739659.61;1080781.70;2013-12-07T00:00:00
3043860;530310;Neveklov;;;;;104281;Neveklov;3506;Sokolská;è.p.;190;;;25756;739553.72;1080960.63;2013-12-07T00:00:00
3043878;530310;Neveklov;;;;;104281;Neveklov;3409;Benešovská;è.p.;191;;;25756;739633.60;1081072.55;2013-12-07T00:00:00
3043886;530310;Neveklov;;;;;104281;Neveklov;3476;Na Leškovì;è.p.;192;;;25756;739973.87;1081086.08;2013-12-07T00:00:00
3043908;530310;Neveklov;;;;;104281;Neveklov;3476;Na Leškovì;è.p.;194;;;25756;739946.46;1081084.18;2013-12-07T00:00:00
3043924;530310;Neveklov;;;;;104281;Neveklov;3506;Sokolská;è.p.;196;;;25756;739425.00;1081020.80;2013-12-07T00:00:00
3043941;530310;Neveklov;;;;;104281;Neveklov;3522;Rákosníkova;è.p.;198;;;25756;739655.21;1080807.94;2013-12-07T00:00:00
3043959;530310;Neveklov;;;;;104281;Neveklov;3522;Rákosníkova;è.p.;199;;;25756;739673.98;1080824.84;2013-12-07T00:00:00
3043967;530310;Neveklov;;;;;104281;Neveklov;3522;Rákosníkova;è.p.;200;;;25756;739641.63;1080850.93;2013-12-07T00:00:00
3043975;530310;Neveklov;;;;;104281;Neveklov;3522;Rákosníkova;è.p.;201;;;25756;739657.28;1080877.81;2013-12-07T00:00:00
3043983;530310;Neveklov;;;;;104281;Neveklov;3476;Na Leškovì;è.p.;202;;;25756;740003.19;1081066.11;2013-12-07T00:00:00
3043991;530310;Neveklov;;;;;104281;Neveklov;3476;Na Leškovì;è.p.;203;;;25756;740026.28;1081065.64;2013-12-07T00:00:00
3044009;530310;Neveklov;;;;;104281;Neveklov;3433;Husova;è.p.;204;;;25756;739593.80;1080495.54;2013-12-07T00:00:00
3044017;530310;Neveklov;;;;;104281;Neveklov;3557;Zahradní;è.p.;205;;;25756;739652.31;1080502.03;2013-12-07T00:00:00
3044025;530310;Neveklov;;;;;104281;Neveklov;3409;Benešovská;è.p.;206;;;25756;739573.24;1081042.22;2013-12-07T00:00:00
3044033;530310;Neveklov;;;;;104281;Neveklov;3476;Na Leškovì;è.p.;207;;;25756;740050.90;1081066.91;2013-12-07T00:00:00
3044041;530310;Neveklov;;;;;104281;Neveklov;3522;Rákosníkova;è.p.;208;;;25756;739637.43;1081034.97;2013-12-07T00:00:00
3044050;530310;Neveklov;;;;;104281;Neveklov;3506;Sokolská;è.p.;209;;;25756;739456.62;1081013.81;2013-12-07T00:00:00
3044068;530310;Neveklov;;;;;104281;Neveklov;3425;Na Skalce;è.p.;210;;;25756;739614.32;1080662.60;2013-12-07T00:00:00
3044076;530310;Neveklov;;;;;104281;Neveklov;3522;Rákosníkova;è.p.;211;;;25756;739627.94;1081003.88;2013-12-07T00:00:00
3044084;530310;Neveklov;;;;;104281;Neveklov;3522;Rákosníkova;è.p.;212;;;25756;739630.44;1080987.13;2013-12-07T00:00:00
3044092;530310;Neveklov;;;;;104281;Neveklov;3409;Benešovská;è.p.;213;;;25756;739595.69;1081028.96;2013-12-07T00:00:00
3044106;530310;Neveklov;;;;;104281;Neveklov;3506;Sokolská;è.p.;214;;;25756;739480.21;1081002.91;2013-12-07T00:00:00
3044114;530310;Neveklov;;;;;104281;Neveklov;3549;Tloskovská;è.p.;215;;;25756;739918.43;1080639.76;2014-11-03T00:00:00
3044122;530310;Neveklov;;;;;104281;Neveklov;3476;Na Leškovì;è.p.;216;;;25756;740052.26;1081030.98;2013-12-07T00:00:00
3044131;530310;Neveklov;;;;;104281;Neveklov;3425;Na Skalce;è.p.;217;;;25756;739603.87;1080540.09;2013-12-07T00:00:00
3044149;530310;Neveklov;;;;;104281;Neveklov;3476;Na Leškovì;è.p.;218;;;25756;740002.32;1081035.39;2013-12-07T00:00:00
3044165;530310;Neveklov;;;;;104281;Neveklov;3522;Rákosníkova;è.p.;220;;;25756;739628.96;1080970.27;2013-12-07T00:00:00
3044173;530310;Neveklov;;;;;104281;Neveklov;3522;Rákosníkova;è.p.;221;;;25756;739628.56;1080954.84;2013-12-07T00:00:00
3044181;530310;Neveklov;;;;;104281;Neveklov;3522;Rákosníkova;è.p.;222;;;25756;739631.65;1080934.79;2013-12-07T00:00:00
3044190;530310;Neveklov;;;;;104281;Neveklov;3549;Tloskovská;è.p.;223;;;25756;739895.48;1080645.93;2014-11-03T00:00:00
3044203;530310;Neveklov;;;;;104281;Neveklov;3476;Na Leškovì;è.p.;224;;;25756;740081.09;1081067.94;2013-12-07T00:00:00
3044211;530310;Neveklov;;;;;104281;Neveklov;3522;Rákosníkova;è.p.;225;;;25756;739698.91;1080967.16;2013-12-07T00:00:00
3044220;530310;Neveklov;;;;;104281;Neveklov;3417;K Dubovce;è.p.;226;;;25756;739364.67;1081026.57;2013-12-07T00:00:00
3044238;530310;Neveklov;;;;;104281;Neveklov;3573;Za Radnicí;è.p.;227;;;25756;739875.26;1080732.50;2013-12-07T00:00:00
3044246;530310;Neveklov;;;;;104281;Neveklov;3573;Za Radnicí;è.p.;228;;;25756;739876.09;1080719.03;2013-12-07T00:00:00
3044254;530310;Neveklov;;;;;104281;Neveklov;3573;Za Radnicí;è.p.;229;;;25756;739876.49;1080706.32;2013-12-07T00:00:00
3044262;530310;Neveklov;;;;;104281;Neveklov;3573;Za Radnicí;è.p.;230;;;25756;739878.15;1080692.96;2013-12-07T00:00:00
3044271;530310;Neveklov;;;;;104281;Neveklov;3573;Za Radnicí;è.p.;231;;;25756;739878.73;1080679.19;2013-12-07T00:00:00
3044289;530310;Neveklov;;;;;104281;Neveklov;3549;Tloskovská;è.p.;232;;;25756;739800.90;1080682.04;2013-12-07T00:00:00
3044297;530310;Neveklov;;;;;104281;Neveklov;3573;Za Radnicí;è.p.;233;;;25756;739850.96;1080675.22;2013-12-07T00:00:00
3044301;530310;Neveklov;;;;;104281;Neveklov;3573;Za Radnicí;è.p.;234;;;25756;739851.37;1080667.55;2013-12-07T00:00:00
3044319;530310;Neveklov;;;;;104281;Neveklov;3476;Na Leškovì;è.p.;235;;;25756;740076.71;1081030.01;2013-12-07T00:00:00
3044327;530310;Neveklov;;;;;104281;Neveklov;3476;Na Leškovì;è.p.;236;;;25756;740104.27;1081029.13;2013-12-07T00:00:00
3044335;530310;Neveklov;;;;;104281;Neveklov;3476;Na Leškovì;è.p.;237;;;25756;740122.92;1081026.15;2013-12-07T00:00:00
3044343;530310;Neveklov;;;;;104281;Neveklov;3476;Na Leškovì;è.p.;238;;;25756;740143.94;1081022.74;2013-12-07T00:00:00
3044360;530310;Neveklov;;;;;104281;Neveklov;3476;Na Leškovì;è.p.;240;;;25756;740211.01;1081042.41;2013-12-07T00:00:00
3044378;530310;Neveklov;;;;;104281;Neveklov;3476;Na Leškovì;è.p.;241;;;25756;740190.87;1081045.42;2013-12-07T00:00:00
3044386;530310;Neveklov;;;;;104281;Neveklov;3476;Na Leškovì;è.p.;242;;;25756;740170.73;1081051.07;2013-12-07T00:00:00
3044394;530310;Neveklov;;;;;104281;Neveklov;3476;Na Leškovì;è.p.;243;;;25756;740148.22;1081053.63;2013-12-07T00:00:00
3044408;530310;Neveklov;;;;;104281;Neveklov;3522;Rákosníkova;è.p.;244;;;25756;739673.41;1080915.20;2013-12-07T00:00:00
3044416;530310;Neveklov;;;;;104281;Neveklov;3573;Za Radnicí;è.p.;245;;;25756;739921.61;1080682.63;2013-12-07T00:00:00
3044424;530310;Neveklov;;;;;104281;Neveklov;3573;Za Radnicí;è.p.;246;;;25756;739928.92;1080663.92;2013-12-07T00:00:00
3044432;530310;Neveklov;;;;;104281;Neveklov;3573;Za Radnicí;è.p.;247;;;25756;739912.89;1080701.27;2013-12-07T00:00:00
3044467;530310;Neveklov;;;;;104281;Neveklov;3522;Rákosníkova;è.p.;251;;;25756;739711.79;1080925.15;2013-12-07T00:00:00
3044475;530310;Neveklov;;;;;104281;Neveklov;3476;Na Leškovì;è.p.;252;;;25756;740162.83;1081019.87;2013-12-07T00:00:00
3044483;530310;Neveklov;;;;;104281;Neveklov;3476;Na Leškovì;è.p.;253;;;25756;740183.32;1081016.16;2013-12-07T00:00:00
3044491;530310;Neveklov;;;;;104281;Neveklov;3476;Na Leškovì;è.p.;254;;;25756;740204.67;1081011.90;2013-12-07T00:00:00
3044505;530310;Neveklov;;;;;104281;Neveklov;3573;Za Radnicí;è.p.;257;;;25756;739957.70;1080650.04;2013-12-07T00:00:00
3044513;530310;Neveklov;;;;;104281;Neveklov;3573;Za Radnicí;è.p.;259;;;25756;739954.53;1080701.22;2013-12-07T00:00:00
3044521;530310;Neveklov;;;;;104281;Neveklov;3506;Sokolská;è.p.;260;;;25756;739332.90;1080990.08;2013-12-07T00:00:00
3044556;530310;Neveklov;;;;;104281;Neveklov;3573;Za Radnicí;è.p.;262;;;25756;739846.64;1080703.76;2013-12-07T00:00:00
3044564;530310;Neveklov;;;;;104281;Neveklov;3573;Za Radnicí;è.p.;263;;;25756;739837.25;1080707.71;2013-12-07T00:00:00
3044572;530310;Neveklov;;;;;104281;Neveklov;3557;Zahradní;è.p.;264;;;25756;739673.99;1080500.60;2013-12-07T00:00:00
3044581;530310;Neveklov;;;;;104281;Neveklov;3557;Zahradní;è.p.;266;;;25756;739709.53;1080481.46;2013-12-07T00:00:00
3044599;530310;Neveklov;;;;;104281;Neveklov;3557;Zahradní;è.p.;267;;;25756;739726.58;1080475.73;2013-12-07T00:00:00
3044611;530310;Neveklov;;;;;104281;Neveklov;3557;Zahradní;è.p.;269;;;25756;739734.59;1080515.75;2013-12-07T00:00:00
3044629;530310;Neveklov;;;;;104281;Neveklov;3557;Zahradní;è.p.;270;;;25756;739737.74;1080538.00;2013-12-07T00:00:00
3044637;530310;Neveklov;;;;;104281;Neveklov;3557;Zahradní;è.p.;271;;;25756;739738.35;1080561.49;2013-12-07T00:00:00
3044645;530310;Neveklov;;;;;104281;Neveklov;3522;Rákosníkova;è.p.;272;;;25756;739593.24;1080937.38;2013-12-07T00:00:00
3044653;530310;Neveklov;;;;;104281;Neveklov;3409;Benešovská;è.p.;273;;;25756;739680.38;1081073.60;2013-12-07T00:00:00
3044661;530310;Neveklov;;;;;104281;Neveklov;3425;Na Skalce;è.p.;274;;;25756;739570.63;1080530.80;2013-12-07T00:00:00
3044670;530310;Neveklov;;;;;104281;Neveklov;3476;Na Leškovì;è.p.;275;;;25756;739924.83;1081061.79;2013-12-07T00:00:00
3044696;530310;Neveklov;;;;;104281;Neveklov;3476;Na Leškovì;è.p.;277;;;25756;740057.49;1081117.03;2013-12-07T00:00:00
3044700;530310;Neveklov;;;;;104281;Neveklov;3476;Na Leškovì;è.p.;278;;;25756;739907.55;1081063.71;2013-12-07T00:00:00
3044718;530310;Neveklov;;;;;104281;Neveklov;3573;Za Radnicí;è.p.;279;;;25756;739972.32;1080732.87;2013-12-07T00:00:00
3044726;530310;Neveklov;;;;;104281;Neveklov;3573;Za Radnicí;è.p.;280;;;25756;740012.93;1080723.14;2013-12-07T00:00:00
3044734;530310;Neveklov;;;;;104281;Neveklov;3573;Za Radnicí;è.p.;282;;;25756;739874.47;1080767.79;2013-12-07T00:00:00
3044742;530310;Neveklov;;;;;104281;Neveklov;3450;Nová;è.p.;284;;;25756;739748.07;1081219.79;2013-12-07T00:00:00
3044751;530310;Neveklov;;;;;104281;Neveklov;3450;Nová;è.p.;286;;;25756;739759.75;1081177.02;2013-12-07T00:00:00
3044769;530310;Neveklov;;;;;104281;Neveklov;3450;Nová;è.p.;287;;;25756;739763.72;1081158.34;2013-12-07T00:00:00
3044777;530310;Neveklov;;;;;104281;Neveklov;3476;Na Leškovì;è.p.;288;;;25756;739832.03;1081068.72;2013-12-07T00:00:00
3044785;530310;Neveklov;;;;;104281;Neveklov;3476;Na Leškovì;è.p.;289;;;25756;739851.39;1081069.75;2013-12-07T00:00:00
3044793;530310;Neveklov;;;;;104281;Neveklov;703460;Školní;è.p.;290;;;25756;739773.66;1080470.38;2013-12-07T00:00:00
3044807;530310;Neveklov;;;;;104281;Neveklov;3557;Zahradní;è.p.;293;;;25756;739767.20;1080553.37;2013-12-07T00:00:00
3044815;530310;Neveklov;;;;;104281;Neveklov;3522;Rákosníkova;è.p.;296;;;25756;739694.81;1080751.73;2013-12-07T00:00:00
3044823;530310;Neveklov;;;;;104281;Neveklov;3433;Husova;è.p.;297;;;25756;739718.05;1080743.56;2013-12-07T00:00:00
3044831;530310;Neveklov;;;;;104299;Tloskov;;;è.p.;1;;;25756;740330.85;1080178.41;2013-12-07T00:00:00
3044840;530310;Neveklov;;;;;104299;Tloskov;;;è.p.;2;;;25756;740379.18;1080156.19;2013-12-07T00:00:00
3044858;530310;Neveklov;;;;;104299;Tloskov;;;è.p.;6;;;25756;740185.45;1080184.20;2013-12-07T00:00:00
3044866;530310;Neveklov;;;;;104299;Tloskov;;;è.p.;7;;;25756;740148.13;1080043.63;2013-12-07T00:00:00
3044874;530310;Neveklov;;;;;104299;Tloskov;;;è.p.;12;;;25756;740231.37;1080050.83;2013-12-07T00:00:00
3044882;530310;Neveklov;;;;;104299;Tloskov;;;è.p.;16;;;25756;740118.17;1080641.78;2013-12-07T00:00:00
3044904;530310;Neveklov;;;;;104299;Tloskov;;;è.p.;23;;;25756;740170.56;1080191.04;2013-12-07T00:00:00
3044912;530310;Neveklov;;;;;104299;Tloskov;;;è.p.;24;;;25756;740314.20;1079895.94;2013-12-07T00:00:00
3044939;530310;Neveklov;;;;;135810;Pøibyšice;;;è.p.;2;;;25756;734700.06;1080154.50;2013-12-07T00:00:00
3044947;530310;Neveklov;;;;;135810;Pøibyšice;;;è.p.;3;;;25756;734669.69;1080117.75;2013-12-07T00:00:00
3044955;530310;Neveklov;;;;;135810;Pøibyšice;;;è.p.;5;;;25756;734698.69;1080054.13;2013-12-07T00:00:00
3044963;530310;Neveklov;;;;;135810;Pøibyšice;;;è.p.;8;;;25756;734709.25;1080002.50;2013-12-07T00:00:00
3044971;530310;Neveklov;;;;;135810;Pøibyšice;;;è.p.;9;;;25756;734732.63;1079983.38;2013-12-07T00:00:00
3044980;530310;Neveklov;;;;;135810;Pøibyšice;;;è.p.;10;;;25756;734771.50;1079967.75;2013-12-07T00:00:00
3044998;530310;Neveklov;;;;;135810;Pøibyšice;;;è.p.;12;;;25756;734828.44;1079864.25;2013-12-07T00:00:00
3045005;530310;Neveklov;;;;;135810;Pøibyšice;;;è.p.;13;;;25756;734858.81;1079820.75;2013-12-07T00:00:00
3045013;530310;Neveklov;;;;;135810;Pøibyšice;;;è.p.;14;;;25756;734854.94;1079889.00;2013-12-07T00:00:00
3045021;530310;Neveklov;;;;;135810;Pøibyšice;;;è.p.;15;;;25756;734859.19;1079941.25;2013-12-07T00:00:00
3045030;530310;Neveklov;;;;;135810;Pøibyšice;;;è.p.;16;;;25756;734867.75;1080003.50;2013-12-07T00:00:00
3045048;530310;Neveklov;;;;;135810;Pøibyšice;;;è.p.;18;;;25756;734374.88;1080441.75;2013-12-07T00:00:00
3045056;530310;Neveklov;;;;;135810;Pøibyšice;;;è.p.;22;;;25756;734674.63;1080138.50;2013-12-07T00:00:00
3045064;530310;Neveklov;;;;;135810;Pøibyšice;;;è.p.;23;;;25756;734733.56;1080247.63;2013-12-07T00:00:00
3045072;530310;Neveklov;;;;;135810;Pøibyšice;;;è.p.;24;;;25756;734829.44;1079932.50;2013-12-07T00:00:00
3045081;530310;Neveklov;;;;;135810;Pøibyšice;;;è.p.;25;;;25756;734906.25;1079620.50;2013-12-07T00:00:00
3045099;530310;Neveklov;;;;;135810;Pøibyšice;;;è.p.;26;;;25756;734741.81;1080010.25;2013-12-07T00:00:00
3045102;530310;Neveklov;;;;;135810;Pøibyšice;;;è.p.;27;;;25756;734807.88;1079906.63;2013-12-07T00:00:00
3045111;530310;Neveklov;;;;;135810;Pøibyšice;;;è.p.;30;;;25756;734607.06;1080149.13;2013-12-07T00:00:00
3045129;530310;Neveklov;;;;;135810;Pøibyšice;;;è.p.;31;;;25756;734860.94;1079590.13;2013-12-07T00:00:00
3045137;530310;Neveklov;;;;;135810;Pøibyšice;;;è.p.;32;;;25756;734589.06;1080135.38;2013-12-07T00:00:00
3045145;530310;Neveklov;;;;;135810;Pøibyšice;;;è.p.;35;;;25756;734817.13;1080007.00;2013-12-07T00:00:00
3045153;530310;Neveklov;;;;;135810;Pøibyšice;;;è.p.;37;;;25756;734802.25;1079932.75;2013-12-07T00:00:00
3045161;530310;Neveklov;;;;;135810;Pøibyšice;;;è.p.;38;;;25756;734576.50;1080088.75;2013-12-07T00:00:00
3045871;530310;Neveklov;;;;;189618;Hùrka Kapinos;;;è.p.;2;;;25756;740197.88;1081999.53;2013-12-07T00:00:00
3045889;530310;Neveklov;;;;;189618;Hùrka Kapinos;;;è.p.;6;;;25756;740276.92;1082332.52;2013-12-07T00:00:00
3045897;530310;Neveklov;;;;;189618;Hùrka Kapinos;;;è.p.;9;;;25756;740312.51;1082411.13;2013-12-07T00:00:00
3045901;530310;Neveklov;;;;;189618;Hùrka Kapinos;;;è.p.;11;;;25756;740333.43;1082184.10;2013-12-07T00:00:00
3045919;530310;Neveklov;;;;;189618;Hùrka Kapinos;;;è.p.;12;;;25756;740368.57;1082472.92;2013-12-07T00:00:00
3045927;530310;Neveklov;;;;;189618;Hùrka Kapinos;;;è.p.;13;;;25756;740311.13;1082477.35;2013-12-07T00:00:00
3045935;530310;Neveklov;;;;;189626;Spolí;;;è.p.;1;;;25756;741043.20;1081755.38;2013-12-07T00:00:00
3045943;530310;Neveklov;;;;;189626;Spolí;;;è.p.;4;;;25756;741142.36;1081483.25;2013-12-07T00:00:00
3045951;530310;Neveklov;;;;;189626;Spolí;;;è.p.;6;;;25756;740998.35;1081453.49;2013-12-07T00:00:00
3045960;530310;Neveklov;;;;;189626;Spolí;;;è.p.;7;;;25756;741155.00;1081762.25;2013-12-07T00:00:00
3045978;530310;Neveklov;;;;;189626;Spolí;;;è.p.;8;;;25756;741132.02;1081708.75;2013-12-07T00:00:00
3045986;530310;Neveklov;;;;;189626;Spolí;;;è.p.;11;;;25756;741213.59;1081761.41;2013-12-07T00:00:00
3046001;530310;Neveklov;;;;;189626;Spolí;;;è.p.;13;;;25756;741172.21;1081769.13;2013-12-07T00:00:00
3046222;530310;Neveklov;;;;;189642;Zádolí;;;è.p.;1;;;25756;741526.25;1082563.80;2013-12-07T00:00:00
3046231;530310;Neveklov;;;;;189642;Zádolí;;;è.p.;4;;;25756;741496.11;1082722.51;2013-12-07T00:00:00
3046249;530310;Neveklov;;;;;189642;Zádolí;;;è.p.;6;;;25756;741427.00;1082698.28;2013-12-07T00:00:00
3046257;530310;Neveklov;;;;;189642;Zádolí;;;è.p.;9;;;25756;741380.22;1082621.18;2013-12-07T00:00:00
3046281;530310;Neveklov;;;;;189642;Zádolí;;;è.p.;14;;;25756;741440.79;1082994.52;2013-12-07T00:00:00
3046290;530310;Neveklov;;;;;189642;Zádolí;;;è.p.;15;;;25756;741243.67;1083055.95;2013-12-07T00:00:00
3046303;530310;Neveklov;;;;;189642;Zádolí;;;è.p.;17;;;25756;741548.01;1082648.44;2013-12-07T00:00:00
3046311;530310;Neveklov;;;;;189642;Zádolí;;;è.p.;21;;;25756;741501.18;1082649.94;2013-12-07T00:00:00
3046320;530310;Neveklov;;;;;189642;Zádolí;;;è.p.;24;;;25756;741343.26;1083092.90;2013-12-07T00:00:00
3046338;530310;Neveklov;;;;;189642;Zádolí;;;è.p.;25;;;25756;741288.46;1083245.84;2013-12-07T00:00:00
3046346;530310;Neveklov;;;;;189642;Zádolí;;;è.p.;28;;;25756;741476.51;1082758.77;2013-12-07T00:00:00
3046354;530310;Neveklov;;;;;189642;Zádolí;;;è.p.;29;;;25756;741565.22;1082574.92;2013-12-07T00:00:00
3046362;530310;Neveklov;;;;;189642;Zádolí;;;è.p.;31;;;25756;741645.25;1082518.63;2013-12-07T00:00:00
3046371;530310;Neveklov;;;;;189642;Zádolí;;;è.p.;32;;;25756;741339.10;1083032.35;2013-12-07T00:00:00
3046389;530310;Neveklov;;;;;189642;Zádolí;;;è.p.;36;;;25756;741791.82;1082772.96;2013-12-07T00:00:00
3046397;530310;Neveklov;;;;;189642;Zádolí;;;è.p.;37;;;25756;741349.42;1083137.42;2013-12-07T00:00:00
3046401;530310;Neveklov;;;;;189642;Zádolí;;;è.p.;38;;;25756;741563.56;1082591.33;2013-12-07T00:00:00
3046419;530310;Neveklov;;;;;189642;Zádolí;;;è.p.;39;;;25756;741601.52;1082489.85;2013-12-07T00:00:00
3046427;530310;Neveklov;;;;;189642;Zádolí;;;è.p.;40;;;25756;741645.83;1082569.05;2013-12-07T00:00:00
3046435;530310;Neveklov;;;;;189642;Zádolí;;;è.p.;48;;;25756;741401.22;1082768.12;2013-12-07T00:00:00
3046443;530310;Neveklov;;;;;189642;Zádolí;;;è.p.;50;;;25756;741694.42;1082509.28;2013-12-07T00:00:00
3047814;530310;Neveklov;;;;;401315;Doloplazy;;;è.p.;1;;;25756;736089.97;1082182.71;2013-12-07T00:00:00
3047873;530310;Neveklov;;;;;401340;Zárybnice;;;è.p.;2;;;25756;740584.39;1082125.62;2013-12-07T00:00:00
3047881;530310;Neveklov;;;;;401340;Zárybnice;;;è.p.;3;;;25756;740632.02;1082093.09;2013-12-07T00:00:00
3123553;530310;Neveklov;;;;;1953;Bìlice;;;è.p.;62;;;25744;744022.75;1078875.93;2013-12-07T00:00:00
3123561;530310;Neveklov;;;;;1953;Bìlice;;;è.p.;63;;;25744;744014.10;1078882.11;2013-12-07T00:00:00
3123715;530310;Neveklov;;;;;56154;Jablonná;;;è.p.;57;;;25744;745289.63;1077154.50;2013-12-07T00:00:00
3123723;530310;Neveklov;;;;;56154;Jablonná;;;è.p.;58;;;25744;745295.69;1077038.38;2013-12-07T00:00:00
3123758;530310;Neveklov;;;;;104281;Neveklov;3417;K Dubovce;è.p.;249;;;25756;739479.05;1081057.00;2013-12-07T00:00:00
14294648;530310;Neveklov;;;;;1953;Bìlice;;;è.p.;1;;;25744;744138.38;1078925.96;2013-12-07T00:00:00
14294656;530310;Neveklov;;;;;1953;Bìlice;;;è.p.;2;;;25744;744148.22;1078910.53;2013-12-07T00:00:00
14294664;530310;Neveklov;;;;;1953;Bìlice;;;è.p.;3;;;25744;744160.40;1078867.35;2013-12-07T00:00:00
14294672;530310;Neveklov;;;;;1953;Bìlice;;;è.p.;6;;;25744;744300.64;1078925.85;2013-12-07T00:00:00
14294681;530310;Neveklov;;;;;1953;Bìlice;;;è.p.;8;;;25744;744263.44;1078936.33;2013-12-07T00:00:00
14294699;530310;Neveklov;;;;;1953;Bìlice;;;è.p.;11;;;25744;744196.33;1078938.99;2013-12-07T00:00:00
14294702;530310;Neveklov;;;;;1953;Bìlice;;;è.p.;12;;;25744;744191.13;1078924.90;2013-12-07T00:00:00
14294729;530310;Neveklov;;;;;1953;Bìlice;;;è.p.;14;;;25744;744144.74;1078970.87;2013-12-07T00:00:00
14294737;530310;Neveklov;;;;;1953;Bìlice;;;è.p.;15;;;25744;744132.59;1078956.74;2013-12-07T00:00:00
14294745;530310;Neveklov;;;;;1953;Bìlice;;;è.p.;16;;;25744;744609.54;1078468.98;2013-12-07T00:00:00
14294753;530310;Neveklov;;;;;1953;Bìlice;;;è.p.;20;;;25744;744013.84;1079805.30;2013-12-07T00:00:00
14294761;530310;Neveklov;;;;;1953;Bìlice;;;è.p.;21;;;25744;744049.05;1078934.66;2013-12-07T00:00:00
14294770;530310;Neveklov;;;;;1953;Bìlice;;;è.p.;23;;;25756;742673.82;1079344.62;2013-12-07T00:00:00
14294788;530310;Neveklov;;;;;1953;Bìlice;;;è.p.;28;;;25744;742597.22;1078026.25;2013-12-07T00:00:00
14294796;530310;Neveklov;;;;;1953;Bìlice;;;è.p.;30;;;25744;742777.72;1078008.44;2019-11-05T00:00:00
14294800;530310;Neveklov;;;;;1953;Bìlice;;;è.p.;31;;;25744;744100.55;1078945.37;2013-12-07T00:00:00
14294818;530310;Neveklov;;;;;1953;Bìlice;;;è.p.;36;;;25756;742699.61;1079403.82;2018-04-12T00:00:00
14294826;530310;Neveklov;;;;;1953;Bìlice;;;è.p.;38;;;25744;744046.42;1078137.51;2013-12-07T00:00:00
14294834;530310;Neveklov;;;;;1953;Bìlice;;;è.p.;42;;;25744;743970.66;1078230.66;2013-12-07T00:00:00
14294842;530310;Neveklov;;;;;1953;Bìlice;;;è.p.;45;;;25744;744036.05;1078083.89;2013-12-07T00:00:00
14294851;530310;Neveklov;;;;;1953;Bìlice;;;è.p.;47;;;25744;743929.31;1079794.71;2013-12-07T00:00:00
14294869;530310;Neveklov;;;;;1953;Bìlice;;;è.p.;49;;;25744;744170.76;1078935.21;2013-12-07T00:00:00
14294877;530310;Neveklov;;;;;1953;Bìlice;;;è.p.;50;;;25744;743957.48;1079772.43;2013-12-07T00:00:00
14294885;530310;Neveklov;;;;;1953;Bìlice;;;è.p.;53;;;25744;744023.95;1078956.09;2013-12-07T00:00:00
14294893;530310;Neveklov;;;;;1953;Bìlice;;;è.p.;54;;;25744;743952.87;1079089.25;2013-12-07T00:00:00
14294907;530310;Neveklov;;;;;1953;Bìlice;;;è.p.;56;;;25744;744226.21;1078016.26;2013-12-07T00:00:00
14294915;530310;Neveklov;;;;;1953;Bìlice;;;è.p.;60;;;25744;743896.96;1078722.78;2013-12-07T00:00:00
14294966;530310;Neveklov;;;;;1953;Bìlice;;;è.ev.;4;;;25744;744134.97;1078094.35;2013-12-07T00:00:00
14294991;530310;Neveklov;;;;;1953;Bìlice;;;è.ev.;7;;;25744;744031.81;1078795.54;2013-12-07T00:00:00
14295008;530310;Neveklov;;;;;1953;Bìlice;;;è.ev.;8;;;25744;744157.25;1078077.80;2013-12-07T00:00:00
14295016;530310;Neveklov;;;;;1953;Bìlice;;;è.ev.;9;;;25744;744153.17;1078049.80;2013-12-07T00:00:00
14295024;530310;Neveklov;;;;;1953;Bìlice;;;è.ev.;10;;;25744;744175.26;1078954.90;2013-12-07T00:00:00
14296756;530310;Neveklov;;;;;5533;Blažim;;;è.p.;4;;;25744;745408.20;1079147.61;2013-12-07T00:00:00
14296764;530310;Neveklov;;;;;5533;Blažim;;;è.p.;10;;;25744;745525.87;1079105.06;2013-12-07T00:00:00
14296772;530310;Neveklov;;;;;5533;Blažim;;;è.p.;13;;;25744;745507.16;1079157.57;2013-12-07T00:00:00
14296781;530310;Neveklov;;;;;5533;Blažim;;;è.p.;19;;;25744;745489.58;1079233.83;2013-12-07T00:00:00
14296799;530310;Neveklov;;;;;5533;Blažim;;;è.p.;21;;;25744;745430.92;1079228.37;2013-12-07T00:00:00
14296802;530310;Neveklov;;;;;5533;Blažim;;;è.p.;27;;;25744;745849.38;1080214.86;2013-12-07T00:00:00
14296811;530310;Neveklov;;;;;5533;Blažim;;;è.p.;29;;;25744;745036.93;1080091.31;2013-12-07T00:00:00
14296829;530310;Neveklov;;;;;5533;Blažim;;;è.p.;30;;;25744;745429.37;1079178.15;2013-12-07T00:00:00
14296845;530310;Neveklov;;;;;5533;Blažim;;;è.p.;34;;;25744;744094.20;1079867.49;2013-12-07T00:00:00
14296861;530310;Neveklov;;;;;5533;Blažim;;;è.p.;37;;;25744;744096.26;1079882.94;2013-12-07T00:00:00
14296870;530310;Neveklov;;;;;5533;Blažim;;;è.p.;38;;;25744;745097.48;1079958.63;2013-12-07T00:00:00
14296896;530310;Neveklov;;;;;5533;Blažim;;;è.p.;43;;;25744;745001.69;1080124.63;2013-12-07T00:00:00
14296900;530310;Neveklov;;;;;5533;Blažim;;;è.p.;44;;;25744;744111.20;1079870.45;2013-12-07T00:00:00
14296918;530310;Neveklov;;;;;5533;Blažim;;;è.ev.;1;;;25744;745485.74;1079191.87;2013-12-07T00:00:00
14296926;530310;Neveklov;;;;;5533;Blažim;;;è.ev.;3;;;25744;746044.58;1080232.92;2013-12-07T00:00:00
14296934;530310;Neveklov;;;;;5533;Blažim;;;è.ev.;4;;;25744;745896.07;1080225.98;2013-12-07T00:00:00
14296942;530310;Neveklov;;;;;5533;Blažim;;;è.ev.;6;;;25744;745037.65;1080044.05;2013-12-07T00:00:00
14296951;530310;Neveklov;;;;;5533;Blažim;;;è.ev.;7;;;25744;745378.52;1079166.31;2013-12-07T00:00:00
14296969;530310;Neveklov;;;;;5533;Blažim;;;è.ev.;8;;;25744;745048.18;1080015.49;2013-12-07T00:00:00
14296977;530310;Neveklov;;;;;5533;Blažim;;;è.ev.;9;;;25744;746196.42;1080036.41;2013-12-07T00:00:00
14323303;530310;Neveklov;;;;;24511;Dalešice;;;è.p.;1;;;25744;743188.87;1076543.46;2013-12-07T00:00:00
14323311;530310;Neveklov;;;;;24511;Dalešice;;;è.p.;2;;;25744;743183.86;1076567.87;2013-12-07T00:00:00
14323320;530310;Neveklov;;;;;24511;Dalešice;;;è.p.;12;;;25744;743110.97;1076508.84;2013-12-07T00:00:00
14323338;530310;Neveklov;;;;;24511;Dalešice;;;è.p.;15;;;25744;743140.78;1076534.71;2013-12-07T00:00:00
14323362;530310;Neveklov;;;;;24511;Dalešice;;;è.p.;36;;;25744;743008.51;1076284.11;2013-12-07T00:00:00
14323371;530310;Neveklov;;;;;24511;Dalešice;;;è.ev.;1;;;25744;742019.01;1076475.40;2013-12-07T00:00:00
14323389;530310;Neveklov;;;;;24511;Dalešice;;;è.ev.;2;;;25744;743073.22;1076541.46;2013-12-07T00:00:00
14323397;530310;Neveklov;;;;;24511;Dalešice;;;è.ev.;3;;;25744;743204.38;1076626.03;2013-12-07T00:00:00
14323401;530310;Neveklov;;;;;24511;Dalešice;;;è.ev.;4;;;25744;742967.14;1076580.46;2013-12-07T00:00:00
14334097;530310;Neveklov;;;;;56154;Jablonná;;;è.p.;3;;;25744;745471.63;1077062.13;2013-12-07T00:00:00
14334101;530310;Neveklov;;;;;56154;Jablonná;;;è.p.;5;;;25744;745589.40;1077237.91;2013-12-07T00:00:00
14334127;530310;Neveklov;;;;;56154;Jablonná;;;è.p.;12;;;25744;744502.17;1077614.71;2013-12-07T00:00:00
14334135;530310;Neveklov;;;;;56154;Jablonná;;;è.p.;16;;;25744;745332.90;1077115.78;2013-12-07T00:00:00
14334143;530310;Neveklov;;;;;56154;Jablonná;;;è.p.;17;;;25744;745735.88;1077267.75;2013-12-07T00:00:00
14334151;530310;Neveklov;;;;;56154;Jablonná;;;è.p.;21;;;25744;745411.06;1077276.75;2013-12-07T00:00:00
14334160;530310;Neveklov;;;;;56154;Jablonná;;;è.p.;24;;;25744;745355.31;1077115.00;2013-12-07T00:00:00
14334178;530310;Neveklov;;;;;56154;Jablonná;;;è.p.;26;;;25744;745383.99;1077078.25;2013-12-07T00:00:00
14334186;530310;Neveklov;;;;;56154;Jablonná;;;è.p.;28;;;25744;745291.00;1077137.63;2013-12-07T00:00:00
14334194;530310;Neveklov;;;;;56154;Jablonná;;;è.p.;29;;;25744;745302.50;1077121.38;2013-12-07T00:00:00
14334208;530310;Neveklov;;;;;56154;Jablonná;;;è.p.;30;;;25744;745342.66;1077046.11;2013-12-07T00:00:00
14334216;530310;Neveklov;;;;;56154;Jablonná;;;è.p.;36;;;25744;745221.44;1077248.13;2013-12-07T00:00:00
14334224;530310;Neveklov;;;;;56154;Jablonná;;;è.p.;37;;;25744;745468.00;1077025.00;2013-12-07T00:00:00
14334232;530310;Neveklov;;;;;56154;Jablonná;;;è.p.;41;;;25744;745200.69;1077226.00;2013-12-07T00:00:00
14334241;530310;Neveklov;;;;;56154;Jablonná;;;è.p.;44;;;25744;745337.88;1077062.63;2013-12-07T00:00:00
14334259;530310;Neveklov;;;;;56154;Jablonná;;;è.p.;47;;;25744;745536.81;1077057.88;2013-12-07T00:00:00
14334267;530310;Neveklov;;;;;56154;Jablonná;;;è.p.;48;;;25744;746199.50;1077329.75;2013-12-07T00:00:00
14334275;530310;Neveklov;;;;;56154;Jablonná;;;è.p.;50;;;25744;745342.56;1076793.00;2013-12-07T00:00:00
14334283;530310;Neveklov;;;;;56154;Jablonná;;;è.p.;52;;;25744;744550.46;1077694.15;2013-12-07T00:00:00
14334291;530310;Neveklov;;;;;56154;Jablonná;;;è.p.;54;;;25744;745979.25;1077371.13;2013-12-07T00:00:00
14334313;530310;Neveklov;;;;;56154;Jablonná;;;è.ev.;2;;;25744;746845.81;1076865.00;2013-12-07T00:00:00
14334321;530310;Neveklov;;;;;56154;Jablonná;;;è.ev.;3;;;25744;746798.13;1076907.88;2013-12-07T00:00:00
14334330;530310;Neveklov;;;;;56154;Jablonná;;;è.ev.;4;;;25744;746869.77;1076850.87;2013-12-07T00:00:00
14334348;530310;Neveklov;;;;;56154;Jablonná;;;è.p.;81;;;25744;745308.55;1077218.47;2021-12-01T00:00:00
14334372;530310;Neveklov;;;;;56154;Jablonná;;;è.ev.;8;;;25744;748203.00;1078207.00;2013-12-07T00:00:00
14334381;530310;Neveklov;;;;;56154;Jablonná;;;è.ev.;9;;;25744;746896.00;1076856.00;2013-12-07T00:00:00
14334399;530310;Neveklov;;;;;56154;Jablonná;;;è.ev.;10;;;25744;746824.88;1076891.13;2013-12-07T00:00:00
14334402;530310;Neveklov;;;;;56154;Jablonná;;;è.ev.;12;;;25744;745314.44;1076952.25;2013-12-07T00:00:00
14334411;530310;Neveklov;;;;;56154;Jablonná;;;è.ev.;13;;;25744;745379.00;1077466.00;2013-12-07T00:00:00
14334429;530310;Neveklov;;;;;56154;Jablonná;;;è.ev.;15;;;25744;746768.31;1076878.38;2013-12-07T00:00:00
14334437;530310;Neveklov;;;;;56154;Jablonná;;;è.ev.;16;;;25744;746220.00;1077336.00;2013-12-07T00:00:00
14334445;530310;Neveklov;;;;;56154;Jablonná;;;è.ev.;18;;;25744;746746.00;1076888.00;2013-12-07T00:00:00
14334453;530310;Neveklov;;;;;56154;Jablonná;;;è.ev.;36;;;25744;746622.31;1077127.88;2013-12-07T00:00:00
14334461;530310;Neveklov;;;;;56162;Nebøich;;;è.p.;3;;;25744;747014.00;1077822.00;2013-12-07T00:00:00
14334488;530310;Neveklov;;;;;56162;Nebøich;;;è.p.;7;;;25744;747086.65;1077844.17;2020-12-09T00:00:00
14334500;530310;Neveklov;;;;;56162;Nebøich;;;è.p.;16;;;25744;747048.00;1077890.00;2013-12-07T00:00:00
14334518;530310;Neveklov;;;;;56162;Nebøich;;;è.p.;18;;;25744;746947.25;1077018.38;2013-12-07T00:00:00
14334534;530310;Neveklov;;;;;56162;Nebøich;;;è.p.;23;;;25744;746925.94;1077805.88;2013-12-07T00:00:00
14334542;530310;Neveklov;;;;;56162;Nebøich;;;è.p.;24;;;25744;746855.00;1077728.00;2013-12-07T00:00:00
14334551;530310;Neveklov;;;;;56162;Nebøich;;;è.p.;25;;;25744;746778.00;1077737.00;2013-12-07T00:00:00
14334569;530310;Neveklov;;;;;56162;Nebøich;;;è.p.;26;;;25744;746832.00;1077791.00;2013-12-07T00:00:00
14334577;530310;Neveklov;;;;;56162;Nebøich;;;è.p.;27;;;25744;746856.00;1077754.00;2013-12-07T00:00:00
14334593;530310;Neveklov;;;;;56162;Nebøich;;;è.p.;29;;;25744;748238.62;1078093.13;2013-12-07T00:00:00
14334607;530310;Neveklov;;;;;56162;Nebøich;;;è.p.;30;;;25744;747886.57;1076798.83;2013-12-07T00:00:00
14334615;530310;Neveklov;;;;;56162;Nebøich;;;è.p.;31;;;25744;747875.00;1076738.00;2013-12-07T00:00:00
14334623;530310;Neveklov;;;;;56162;Nebøich;;;è.p.;32;;;25744;747849.00;1076755.00;2013-12-07T00:00:00
14334631;530310;Neveklov;;;;;56162;Nebøich;;;è.p.;33;;;25744;748196.19;1078029.13;2013-12-07T00:00:00
14334640;530310;Neveklov;;;;;56162;Nebøich;;;è.ev.;1;;;25744;747603.19;1077011.88;2013-12-07T00:00:00
14334658;530310;Neveklov;;;;;56162;Nebøich;;;è.ev.;2;;;25744;748194.88;1078250.00;2013-12-07T00:00:00
14334674;530310;Neveklov;;;;;56162;Nebøich;;;è.ev.;4;;;25744;748265.88;1078150.63;2013-12-07T00:00:00
14334682;530310;Neveklov;;;;;56162;Nebøich;;;è.ev.;6;;;25744;748265.38;1078068.75;2013-12-07T00:00:00
14334691;530310;Neveklov;;;;;56162;Nebøich;;;è.ev.;7;;;25744;748260.94;1078054.50;2013-12-07T00:00:00
14334704;530310;Neveklov;;;;;56162;Nebøich;;;è.ev.;8;;;25744;748261.94;1078041.75;2013-12-07T00:00:00
14334712;530310;Neveklov;;;;;56162;Nebøich;;;è.ev.;9;;;25744;748258.00;1078029.38;2013-12-07T00:00:00
14334721;530310;Neveklov;;;;;56162;Nebøich;;;è.ev.;10;;;25744;748258.81;1078015.75;2013-12-07T00:00:00
14334739;530310;Neveklov;;;;;56162;Nebøich;;;è.ev.;11;;;25744;748253.31;1078001.63;2013-12-07T00:00:00
14334747;530310;Neveklov;;;;;56162;Nebøich;;;è.ev.;12;;;25744;748232.70;1078044.73;2013-12-07T00:00:00
14334755;530310;Neveklov;;;;;56162;Nebøich;;;è.ev.;13;;;25744;748230.81;1078027.25;2013-12-07T00:00:00
14334763;530310;Neveklov;;;;;56162;Nebøich;;;è.ev.;14;;;25744;747154.81;1077834.50;2013-12-07T00:00:00
14334771;530310;Neveklov;;;;;56162;Nebøich;;;è.ev.;15;;;25744;746965.06;1077794.63;2013-12-07T00:00:00
14334780;530310;Neveklov;;;;;56162;Nebøich;;;è.ev.;16;;;25744;747667.00;1077011.00;2013-12-07T00:00:00
14334798;530310;Neveklov;;;;;56162;Nebøich;;;è.ev.;17;;;25744;746985.56;1077833.13;2013-12-07T00:00:00
14334801;530310;Neveklov;;;;;56162;Nebøich;;;è.ev.;18;;;25744;747694.50;1077011.88;2013-12-07T00:00:00
14334810;530310;Neveklov;;;;;56162;Nebøich;;;è.ev.;19;;;25744;747644.50;1077011.00;2013-12-07T00:00:00
14334828;530310;Neveklov;;;;;56162;Nebøich;;;è.ev.;20;;;25744;748161.00;1078265.00;2013-12-07T00:00:00
14334836;530310;Neveklov;;;;;56162;Nebøich;;;è.ev.;21;;;25744;746581.00;1077890.00;2013-12-07T00:00:00
14334844;530310;Neveklov;;;;;56162;Nebøich;;;è.ev.;22;;;25744;747184.75;1077989.50;2013-12-07T00:00:00
14334861;530310;Neveklov;;;;;56162;Nebøich;;;è.ev.;24;;;25744;747587.00;1077011.00;2013-12-07T00:00:00
14334879;530310;Neveklov;;;;;56162;Nebøich;;;è.ev.;25;;;25744;747627.94;1077010.94;2013-12-07T00:00:00
14360365;530310;Neveklov;;;;;97322;Borovka;;;è.p.;2;;;25756;739962.79;1078544.06;2013-12-07T00:00:00
14360373;530310;Neveklov;;;;;97322;Borovka;;;è.p.;7;;;25756;739866.97;1078642.93;2013-12-07T00:00:00
14360381;530310;Neveklov;;;;;97322;Borovka;;;è.p.;16;;;25756;739708.98;1079187.94;2013-12-07T00:00:00
14360390;530310;Neveklov;;;;;97322;Borovka;;;è.ev.;1;;;25756;739522.57;1079036.98;2013-12-07T00:00:00
14360411;530310;Neveklov;;;;;97322;Borovka;;;è.ev.;3;;;25756;739570.69;1078985.83;2013-12-07T00:00:00
14360420;530310;Neveklov;;;;;97322;Borovka;;;è.ev.;4;;;25756;739559.12;1079000.45;2013-12-07T00:00:00
14360438;530310;Neveklov;;;;;97322;Borovka;;;è.ev.;5;;;25756;739548.36;1079013.67;2013-12-07T00:00:00
14360446;530310;Neveklov;;;;;97331;Lipka;;;è.p.;2;;;25756;738220.52;1078214.44;2013-12-07T00:00:00
14360454;530310;Neveklov;;;;;97331;Lipka;;;è.p.;6;;;25756;738422.76;1078186.43;2013-12-07T00:00:00
14360462;530310;Neveklov;;;;;97331;Lipka;;;è.p.;10;;;25756;738470.41;1078105.20;2013-12-07T00:00:00
14360471;530310;Neveklov;;;;;97331;Lipka;;;è.p.;17;;;25756;738397.95;1078255.19;2013-12-07T00:00:00
14360497;530310;Neveklov;;;;;97349;Mlékovice;;;è.p.;4;;;25756;740595.09;1078115.74;2013-12-07T00:00:00
14360519;530310;Neveklov;;;;;97349;Mlékovice;;;è.p.;6;;;25756;740731.49;1078184.15;2013-12-07T00:00:00
14360527;530310;Neveklov;;;;;97349;Mlékovice;;;è.p.;9;;;25756;740814.55;1078309.50;2013-12-07T00:00:00
14360535;530310;Neveklov;;;;;97349;Mlékovice;;;è.p.;16;;;25756;740072.34;1077399.12;2013-12-07T00:00:00
14360543;530310;Neveklov;;;;;104299;Tloskov;;;è.p.;18;;;25756;740221.38;1079569.54;2021-07-16T00:00:00
14360551;530310;Neveklov;;;;;97349;Mlékovice;;;è.p.;21;;;25756;740948.09;1078264.96;2013-12-07T00:00:00
14360560;530310;Neveklov;;;;;97349;Mlékovice;;;è.ev.;1;;;25756;740389.56;1078040.45;2013-12-07T00:00:00
14360578;530310;Neveklov;;;;;97349;Mlékovice;;;è.ev.;2;;;25756;740358.59;1077849.97;2013-12-07T00:00:00
14360586;530310;Neveklov;;;;;97349;Mlékovice;;;è.ev.;3;;;25756;740392.36;1077845.44;2013-12-07T00:00:00
14360594;530310;Neveklov;;;;;97349;Mlékovice;;;è.ev.;4;;;25756;740402.43;1077855.92;2013-12-07T00:00:00
14360608;530310;Neveklov;;;;;97349;Mlékovice;;;è.ev.;5;;;25756;740415.13;1077851.50;2013-12-07T00:00:00
14360616;530310;Neveklov;;;;;97349;Mlékovice;;;è.ev.;6;;;25756;740422.67;1077862.17;2013-12-07T00:00:00
14360624;530310;Neveklov;;;;;97349;Mlékovice;;;è.ev.;7;;;25756;740403.69;1077884.76;2013-12-07T00:00:00
14360632;530310;Neveklov;;;;;97357;Ouštice;;;è.p.;1;;;25756;739135.61;1077678.79;2013-12-07T00:00:00
14360641;530310;Neveklov;;;;;97357;Ouštice;;;è.p.;2;;;25756;739093.14;1077663.57;2013-12-07T00:00:00
14360659;530310;Neveklov;;;;;97357;Ouštice;;;è.p.;15;;;25756;739109.66;1077880.11;2013-12-07T00:00:00
14360667;530310;Neveklov;;;;;97357;Ouštice;;;è.p.;16;;;25756;739025.04;1077786.38;2013-12-07T00:00:00
14360675;530310;Neveklov;;;;;97357;Ouštice;;;è.p.;17;;;25756;739191.67;1077656.31;2013-12-07T00:00:00
14360683;530310;Neveklov;;;;;97357;Ouštice;;;è.p.;23;;;25756;739038.35;1077761.81;2013-12-07T00:00:00
14360705;530310;Neveklov;;;;;97357;Ouštice;;;è.p.;27;;;25756;738987.66;1077736.87;2013-12-07T00:00:00
14360713;530310;Neveklov;;;;;97357;Ouštice;;;è.p.;28;;;25756;738978.58;1077731.52;2013-12-07T00:00:00
14360721;530310;Neveklov;;;;;97357;Ouštice;;;è.p.;29;;;25756;738983.13;1077762.45;2013-12-07T00:00:00
14360730;530310;Neveklov;;;;;97357;Ouštice;;;è.p.;30;;;25756;739059.12;1077770.74;2013-12-07T00:00:00
14360764;530310;Neveklov;;;;;97365;Radslavice;;;è.p.;1;;;25756;741062.71;1077733.12;2013-12-07T00:00:00
14360781;530310;Neveklov;;;;;97365;Radslavice;;;è.p.;3;;;25756;741117.22;1077730.73;2013-12-07T00:00:00
14360799;530310;Neveklov;;;;;97365;Radslavice;;;è.p.;4;;;25756;741211.19;1077714.12;2013-12-07T00:00:00
14360802;530310;Neveklov;;;;;97365;Radslavice;;;è.p.;6;;;25756;741228.35;1077649.40;2013-12-07T00:00:00
14360811;530310;Neveklov;;;;;97365;Radslavice;;;è.p.;8;;;25756;741179.27;1077743.66;2013-12-07T00:00:00
14360829;530310;Neveklov;;;;;97365;Radslavice;;;è.p.;10;;;25756;741283.24;1077751.58;2013-12-07T00:00:00
14360837;530310;Neveklov;;;;;97365;Radslavice;;;è.p.;11;;;25756;741246.26;1077812.98;2013-12-07T00:00:00
14360845;530310;Neveklov;;;;;97365;Radslavice;;;è.p.;12;;;25756;741285.42;1077813.49;2013-12-07T00:00:00
14360853;530310;Neveklov;;;;;97365;Radslavice;;;è.p.;13;;;25756;741203.48;1077804.68;2013-12-07T00:00:00
14360861;530310;Neveklov;;;;;97365;Radslavice;;;è.p.;14;;;25756;741104.84;1077758.76;2013-12-07T00:00:00
14360870;530310;Neveklov;;;;;97365;Radslavice;;;è.p.;15;;;25756;741224.30;1077781.16;2013-12-07T00:00:00
14360888;530310;Neveklov;;;;;97365;Radslavice;;;è.p.;18;;;25756;741150.23;1077720.72;2013-12-07T00:00:00
14360900;530310;Neveklov;;;;;97365;Radslavice;;;è.p.;22;;;25756;741029.03;1077769.93;2013-12-07T00:00:00
14369451;530310;Neveklov;;;;;103870;Chvojínek;;;è.p.;2;;;25756;737795.70;1079693.86;2013-12-07T00:00:00
14369460;530310;Neveklov;;;;;103870;Chvojínek;;;è.p.;3;;;25756;737740.83;1079646.69;2013-12-07T00:00:00
14369478;530310;Neveklov;;;;;103870;Chvojínek;;;è.p.;6;;;25756;737808.69;1079559.61;2013-12-07T00:00:00
14369486;530310;Neveklov;;;;;103870;Chvojínek;;;è.p.;7;;;25756;737779.30;1079550.84;2013-12-07T00:00:00
14369494;530310;Neveklov;;;;;103870;Chvojínek;;;è.p.;8;;;25756;737812.22;1079489.16;2013-12-07T00:00:00
14369508;530310;Neveklov;;;;;103870;Chvojínek;;;è.p.;12;;;25756;737684.89;1079525.75;2013-12-07T00:00:00
14369524;530310;Neveklov;;;;;103870;Chvojínek;;;è.p.;21;;;25756;737689.29;1079834.49;2013-12-07T00:00:00
14369532;530310;Neveklov;;;;;103870;Chvojínek;;;è.p.;22;;;25756;737764.01;1079775.94;2013-12-07T00:00:00
14369567;530310;Neveklov;;;;;103870;Chvojínek;;;è.ev.;3;;;25756;737755.26;1079394.78;2013-12-07T00:00:00
14369583;530310;Neveklov;;;;;103870;Chvojínek;;;è.ev.;5;;;25756;737787.47;1079809.93;2013-12-07T00:00:00
14369591;530310;Neveklov;;;;;103888;Neštìtice;;;è.p.;3;;;25756;736510.35;1080429.26;2013-12-07T00:00:00
14369605;530310;Neveklov;;;;;103888;Neštìtice;;;è.p.;5;;;25756;736662.75;1080399.07;2013-12-07T00:00:00
14369613;530310;Neveklov;;;;;103888;Neštìtice;;;è.p.;8;;;25756;736503.35;1080301.49;2013-12-07T00:00:00
14369621;530310;Neveklov;;;;;103888;Neštìtice;;;è.p.;11;;;25756;736359.74;1080313.03;2013-12-07T00:00:00
14369648;530310;Neveklov;;;;;103888;Neštìtice;;;è.p.;20;;;25756;736636.68;1080402.93;2013-12-07T00:00:00
14369656;530310;Neveklov;;;;;103888;Neštìtice;;;è.p.;21;;;25756;736398.07;1080410.01;2013-12-07T00:00:00
14369664;530310;Neveklov;;;;;103888;Neštìtice;;;è.p.;23;;;25756;736712.57;1080450.05;2013-12-07T00:00:00
14369672;530310;Neveklov;;;;;103888;Neštìtice;;;è.p.;24;;;25756;736599.62;1080393.51;2013-12-07T00:00:00
14369681;530310;Neveklov;;;;;103888;Neštìtice;;;è.p.;30;;;25756;736343.90;1080484.61;2013-12-07T00:00:00
14369699;530310;Neveklov;;;;;103888;Neštìtice;;;è.p.;31;;;25756;736325.54;1080480.84;2013-12-07T00:00:00
14369702;530310;Neveklov;;;;;103888;Neštìtice;;;è.p.;32;;;25756;736308.04;1080477.51;2013-12-07T00:00:00
14369711;530310;Neveklov;;;;;103888;Neštìtice;;;è.p.;33;;;25756;736619.58;1080353.59;2013-12-07T00:00:00
14369729;530310;Neveklov;;;;;103888;Neštìtice;;;è.ev.;1;;;25756;737682.84;1079494.38;2013-12-07T00:00:00
14369737;530310;Neveklov;;;;;103888;Neštìtice;;;è.ev.;2;;;25756;736310.71;1080430.46;2013-12-07T00:00:00
14369745;530310;Neveklov;;;;;103888;Neštìtice;;;è.ev.;3;;;25756;736325.18;1080379.86;2013-12-07T00:00:00
14371707;530310;Neveklov;;;;;104272;Dubovka;;;è.p.;10;;;25756;738909.56;1082107.50;2013-12-07T00:00:00
14371723;530310;Neveklov;;;;;104272;Dubovka;;;è.p.;13;;;25756;738328.41;1080682.88;2013-12-07T00:00:00
14371731;530310;Neveklov;;;;;104272;Dubovka;;;è.p.;15;;;25756;738264.21;1080632.10;2013-12-07T00:00:00
14371758;530310;Neveklov;;;;;104272;Dubovka;;;è.ev.;2;;;25756;738148.54;1080709.40;2013-12-07T00:00:00
14371766;530310;Neveklov;;;;;104272;Dubovka;;;è.ev.;3;;;25756;738208.66;1080732.74;2013-12-07T00:00:00
14371782;530310;Neveklov;;;;;104272;Dubovka;;;è.ev.;5;;;25756;738129.88;1080688.10;2013-12-07T00:00:00
14371791;530310;Neveklov;;;;;104272;Dubovka;;;è.ev.;6;;;25756;738266.18;1080648.49;2013-12-07T00:00:00
14371812;530310;Neveklov;;;;;104272;Dubovka;;;è.ev.;8;;;25756;738342.51;1080694.17;2013-12-07T00:00:00
14371821;530310;Neveklov;;;;;104272;Dubovka;;;è.ev.;13;;;25756;737883.27;1080785.47;2013-12-07T00:00:00
14371839;530310;Neveklov;;;;;104281;Neveklov;3514;Pražská;è.p.;2;;;25756;740121.62;1080653.84;2013-12-07T00:00:00
14371847;530310;Neveklov;;;;;104281;Neveklov;3514;Pražská;è.p.;3;;;25756;740111.64;1080705.24;2013-12-07T00:00:00
14371855;530310;Neveklov;;;;;104281;Neveklov;3514;Pražská;è.p.;6;;;25756;740093.92;1080848.86;2013-12-07T00:00:00
14371871;530310;Neveklov;;;;;104281;Neveklov;3441;Komenského;è.p.;12;;;25756;740136.94;1080934.66;2013-12-07T00:00:00
14371880;530310;Neveklov;;;;;104281;Neveklov;3441;Komenského;è.p.;15;;;25756;740128.85;1080960.69;2013-12-07T00:00:00
14371898;530310;Neveklov;;;;;104281;Neveklov;3441;Komenského;è.p.;18;;;25756;740049.70;1080938.47;2013-12-07T00:00:00
14371901;530310;Neveklov;;;;;104281;Neveklov;3441;Komenského;è.p.;19;;;25756;740028.98;1080943.76;2013-12-07T00:00:00
14371910;530310;Neveklov;;;;;104281;Neveklov;3468;Malé námìstí;è.p.;23;;;25756;739749.84;1080914.67;2018-08-31T00:00:00
14371936;530310;Neveklov;;;;;104281;Neveklov;3565;Táborská;è.p.;29;;;25756;739755.26;1081075.19;2014-11-03T00:00:00
14371944;530310;Neveklov;;;;;104281;Neveklov;3565;Táborská;è.p.;31;;;25756;739742.33;1081102.92;2013-12-07T00:00:00
14371952;530310;Neveklov;;;;;104281;Neveklov;3565;Táborská;è.p.;32;;;25756;739731.93;1081117.73;2013-12-07T00:00:00
14371961;530310;Neveklov;;;;;104281;Neveklov;3565;Táborská;è.p.;37;;;25756;739676.03;1081157.23;2013-12-07T00:00:00
14371987;530310;Neveklov;;;;;104281;Neveklov;3565;Táborská;è.p.;47;;;25756;739778.21;1081002.81;2013-12-07T00:00:00
14371995;530310;Neveklov;;;;;104281;Neveklov;3468;Malé námìstí;è.p.;49;;;25756;739796.23;1080966.57;2013-12-07T00:00:00
14372002;530310;Neveklov;;;;;104281;Neveklov;3468;Malé námìstí;è.p.;52;;;25756;739826.63;1080947.20;2014-11-03T00:00:00
14372011;530310;Neveklov;;;;;104281;Neveklov;3468;Malé námìstí;è.p.;53;;;25756;739839.02;1080949.32;2014-11-03T00:00:00
14372029;530310;Neveklov;;;;;104281;Neveklov;3484;námìstí Jana Heømana;è.p.;54;;;25756;739839.46;1080936.57;2014-11-03T00:00:00
14372037;530310;Neveklov;;;;;104281;Neveklov;3581;Zavadilka;è.p.;55;;;25756;739756.83;1082194.72;2013-12-07T00:00:00
14372045;530310;Neveklov;;;;;104281;Neveklov;3433;Husova;è.p.;61;;;25756;739846.16;1080816.59;2013-12-07T00:00:00
14372053;530310;Neveklov;;;;;104281;Neveklov;3433;Husova;è.p.;62;;;25756;739835.36;1080808.43;2013-12-07T00:00:00
14372061;530310;Neveklov;;;;;104281;Neveklov;3492;Pod Radnicí;è.p.;65;;;25756;739948.17;1080808.24;2013-12-07T00:00:00
14372070;530310;Neveklov;;;;;104281;Neveklov;3492;Pod Radnicí;è.p.;67;;;25756;739925.76;1080810.45;2013-12-07T00:00:00
14372088;530310;Neveklov;;;;;104281;Neveklov;3492;Pod Radnicí;è.p.;69;;;25756;739989.88;1080798.11;2013-12-07T00:00:00
14372118;530310;Neveklov;;;;;104281;Neveklov;3492;Pod Radnicí;è.p.;72;;;25756;740044.39;1080780.33;2013-12-07T00:00:00
14372126;530310;Neveklov;;;;;104281;Neveklov;3492;Pod Radnicí;è.p.;73;;;25756;740056.81;1080805.15;2013-12-07T00:00:00
14372134;530310;Neveklov;;;;;104281;Neveklov;3492;Pod Radnicí;è.p.;75;;;25756;739961.50;1080825.12;2013-12-07T00:00:00
14372142;530310;Neveklov;;;;;104281;Neveklov;3492;Pod Radnicí;è.p.;76;;;25756;739945.57;1080828.11;2013-12-07T00:00:00
14372151;530310;Neveklov;;;;;104281;Neveklov;3441;Komenského;è.p.;85;;;25756;739983.41;1080928.45;2013-12-07T00:00:00
14372169;530310;Neveklov;;;;;104281;Neveklov;3441;Komenského;è.p.;86;;;25756;740026.57;1080918.04;2013-12-07T00:00:00
14372177;530310;Neveklov;;;;;104281;Neveklov;3441;Komenského;è.p.;89;;;25756;740202.84;1080962.85;2015-08-31T00:00:00
14372185;530310;Neveklov;;;;;104281;Neveklov;3514;Pražská;è.p.;91;;;25756;740078.29;1080688.75;2013-12-07T00:00:00
14372193;530310;Neveklov;;;;;104281;Neveklov;3514;Pražská;è.p.;93;;;25756;740087.78;1080653.15;2013-12-07T00:00:00
14372207;530310;Neveklov;;;;;104281;Neveklov;3514;Pražská;è.p.;100;;;25756;740119.12;1080725.65;2013-12-07T00:00:00
14372215;530310;Neveklov;;;;;104281;Neveklov;3565;Táborská;è.p.;103;;;25756;739771.19;1081051.68;2014-11-03T00:00:00
14372223;530310;Neveklov;;;;;104281;Neveklov;3514;Pražská;è.p.;104;;;25756;740080.36;1080678.62;2013-12-07T00:00:00
14372231;530310;Neveklov;;;;;104281;Neveklov;3565;Táborská;è.p.;107;;;25756;739760.70;1081009.73;2013-12-07T00:00:00
14372258;530310;Neveklov;;;;;104281;Neveklov;3565;Táborská;è.p.;111;;;25756;739674.55;1081224.31;2013-12-07T00:00:00
14372266;530310;Neveklov;;;;;104281;Neveklov;3506;Sokolská;è.p.;115;;;25756;739572.59;1080893.38;2013-12-07T00:00:00
14372274;530310;Neveklov;;;;;104281;Neveklov;3476;Na Leškovì;è.p.;117;;;25756;739996.42;1081007.67;2013-12-07T00:00:00
14372282;530310;Neveklov;;;;;104281;Neveklov;3514;Pražská;è.p.;119;;;25756;740096.40;1080751.66;2013-12-07T00:00:00
14372291;530310;Neveklov;;;;;104281;Neveklov;3492;Pod Radnicí;è.p.;123;;;25756;740025.64;1080783.93;2013-12-07T00:00:00
14372304;530310;Neveklov;;;;;104281;Neveklov;3492;Pod Radnicí;è.p.;126;;;25756;739991.72;1080815.13;2013-12-07T00:00:00
14372312;530310;Neveklov;;;;;104281;Neveklov;3433;Husova;è.p.;128;;;25756;739762.47;1080771.62;2013-12-07T00:00:00
14372321;530310;Neveklov;;;;;104281;Neveklov;3522;Rákosníkova;è.p.;130;;;25756;739975.99;1080820.87;2013-12-07T00:00:00
14372339;530310;Neveklov;;;;;104281;Neveklov;3514;Pražská;è.p.;131;;;25756;740093.71;1080786.91;2013-12-07T00:00:00
14372347;530310;Neveklov;;;;;104281;Neveklov;3433;Husova;è.p.;145;;;25756;739712.06;1080633.11;2013-12-07T00:00:00
14372355;530310;Neveklov;;;;;104281;Neveklov;3409;Benešovská;è.p.;150;;;25756;739580.79;1081087.95;2013-12-07T00:00:00
14372363;530310;Neveklov;;;;;104281;Neveklov;3433;Husova;è.p.;151;;;25756;739692.01;1080597.41;2013-12-07T00:00:00
14372371;530310;Neveklov;;;;;104281;Neveklov;3425;Na Skalce;è.p.;156;;;25756;739614.13;1080592.32;2013-12-07T00:00:00
14372401;530310;Neveklov;;;;;104281;Neveklov;3433;Husova;è.p.;166;;;25756;739750.39;1080735.42;2013-12-07T00:00:00
14372410;530310;Neveklov;;;;;104281;Neveklov;3565;Táborská;è.p.;168;;;25756;739670.23;1081406.15;2013-12-07T00:00:00
14372428;530310;Neveklov;;;;;104281;Neveklov;3409;Benešovská;è.p.;170;;;25756;739547.43;1081107.74;2013-12-07T00:00:00
14372444;530310;Neveklov;;;;;104281;Neveklov;3409;Benešovská;è.p.;178;;;25756;739531.24;1081117.94;2013-12-07T00:00:00
14372495;530310;Neveklov;;;;;104281;Neveklov;3573;Za Radnicí;è.p.;258;;;25756;739959.33;1080678.01;2013-12-07T00:00:00
14372509;530310;Neveklov;;;;;104281;Neveklov;3573;Za Radnicí;è.p.;281;;;25756;739900.17;1080759.46;2013-12-07T00:00:00
14372533;530310;Neveklov;;;;;104281;Neveklov;3557;Zahradní;è.p.;291;;;25756;739754.28;1080467.69;2013-12-07T00:00:00
14372541;530310;Neveklov;;;;;104281;Neveklov;3557;Zahradní;è.p.;292;;;25756;739758.07;1080501.27;2013-12-07T00:00:00
14372568;530310;Neveklov;;;;;104281;Neveklov;;;è.p.;295;;;25756;739198.32;1080757.91;2013-12-07T00:00:00
14372576;530310;Neveklov;;;;;104281;Neveklov;;;è.p.;298;;;25756;739749.78;1081417.93;2013-12-07T00:00:00
14372584;530310;Neveklov;;;;;104281;Neveklov;;;è.p.;299;;;25756;739771.03;1081259.71;2013-12-07T00:00:00
14372592;530310;Neveklov;;;;;104281;Neveklov;3450;Nová;è.p.;300;;;25756;739762.51;1081333.43;2013-12-07T00:00:00
14372606;530310;Neveklov;;;;;104281;Neveklov;703460;Školní;è.p.;301;;;25756;739901.71;1080569.54;2013-12-07T00:00:00
14372614;530310;Neveklov;;;;;104281;Neveklov;;;è.ev.;1;;;25756;739701.50;1081574.38;2013-12-07T00:00:00
14372622;530310;Neveklov;;;;;104281;Neveklov;;;è.ev.;2;;;25756;739355.14;1080045.83;2013-12-07T00:00:00
14372631;530310;Neveklov;;;;;104281;Neveklov;;;è.ev.;3;;;25756;739365.69;1080025.07;2013-12-07T00:00:00
14372649;530310;Neveklov;;;;;104281;Neveklov;;;è.ev.;4;;;25756;739367.94;1080061.42;2013-12-07T00:00:00
14372657;530310;Neveklov;;;;;104281;Neveklov;;;è.ev.;5;;;25756;739377.28;1080046.72;2013-12-07T00:00:00
14372665;530310;Neveklov;;;;;104281;Neveklov;;;è.ev.;6;;;25756;739387.85;1080028.86;2013-12-07T00:00:00
14372673;530310;Neveklov;;;;;104281;Neveklov;;;è.ev.;7;;;25756;739381.09;1080081.39;2013-12-07T00:00:00
14372681;530310;Neveklov;;;;;104281;Neveklov;;;è.ev.;8;;;25756;739390.25;1080065.00;2013-12-07T00:00:00
14372690;530310;Neveklov;;;;;104281;Neveklov;;;è.ev.;9;;;25756;739398.72;1080046.51;2013-12-07T00:00:00
14372703;530310;Neveklov;;;;;104281;Neveklov;;;è.ev.;10;;;25756;739401.37;1080097.75;2013-12-07T00:00:00
14372711;530310;Neveklov;;;;;104281;Neveklov;;;è.ev.;11;;;25756;739427.34;1080134.88;2013-12-07T00:00:00
14372720;530310;Neveklov;;;;;104281;Neveklov;;;è.ev.;12;;;25756;739419.35;1080064.53;2013-12-07T00:00:00
14372738;530310;Neveklov;;;;;104281;Neveklov;;;è.ev.;13;;;25756;739427.48;1080047.15;2013-12-07T00:00:00
14372746;530310;Neveklov;;;;;104281;Neveklov;;;è.ev.;14;;;25756;739417.66;1080112.33;2013-12-07T00:00:00
14372754;530310;Neveklov;;;;;104281;Neveklov;;;è.ev.;15;;;25756;739465.08;1080065.63;2013-12-07T00:00:00
14372762;530310;Neveklov;;;;;104281;Neveklov;;;è.ev.;16;;;25756;739436.76;1080073.38;2013-12-07T00:00:00
14372771;530310;Neveklov;;;;;104281;Neveklov;;;è.ev.;17;;;25756;739444.83;1080054.26;2013-12-07T00:00:00
14372789;530310;Neveklov;;;;;104281;Neveklov;;;è.ev.;18;;;25756;739434.26;1080152.72;2013-12-07T00:00:00
14372797;530310;Neveklov;;;;;104281;Neveklov;;;è.ev.;19;;;25756;739435.25;1080121.53;2021-09-23T00:00:00
14372801;530310;Neveklov;;;;;104281;Neveklov;;;è.ev.;20;;;25756;739457.20;1080081.12;2021-09-23T00:00:00
14372819;530310;Neveklov;;;;;104281;Neveklov;;;è.ev.;21;;;25756;739441.26;1080108.93;2013-12-07T00:00:00
14372827;530310;Neveklov;;;;;104281;Neveklov;;;è.ev.;22;;;25756;739449.34;1080095.05;2013-12-07T00:00:00
14372835;530310;Neveklov;;;;;104281;Neveklov;;;è.ev.;23;;;25756;739491.21;1081594.74;2013-12-07T00:00:00
14372851;530310;Neveklov;;;;;104281;Neveklov;;;è.ev.;25;;;25756;739408.78;1080080.94;2013-12-07T00:00:00
14372860;530310;Neveklov;;;;;104281;Neveklov;;;è.ev.;26;;;25756;739652.47;1080429.59;2013-12-07T00:00:00
14372878;530310;Neveklov;;;;;104281;Neveklov;;;è.ev.;27;;;25756;739615.51;1080328.47;2013-12-07T00:00:00
14372886;530310;Neveklov;;;;;104281;Neveklov;;;è.ev.;28;;;25756;739425.25;1080089.97;2013-12-07T00:00:00
14372908;530310;Neveklov;;;;;104281;Neveklov;;;è.ev.;30;;;25756;739477.67;1080046.72;2013-12-07T00:00:00
14372916;530310;Neveklov;;;;;104281;Neveklov;;;è.ev.;31;;;25756;739713.39;1080359.85;2013-12-07T00:00:00
14372924;530310;Neveklov;;;;;104299;Tloskov;;;è.p.;3;;;25756;740365.05;1080049.80;2017-03-17T00:00:00
14372932;530310;Neveklov;;;;;104299;Tloskov;;;è.p.;4;;;25756;740383.93;1080101.93;2013-12-07T00:00:00
14372941;530310;Neveklov;;;;;104299;Tloskov;;;è.p.;5;;;25756;740269.78;1080045.15;2013-12-07T00:00:00
14372959;530310;Neveklov;;;;;104299;Tloskov;;;è.p.;9;;;25756;740164.77;1079971.77;2013-12-07T00:00:00
14372967;530310;Neveklov;;;;;104299;Tloskov;;;è.p.;10;;;25756;740340.05;1079989.84;2013-12-07T00:00:00
14372975;530310;Neveklov;;;;;104299;Tloskov;;;è.p.;14;;;25756;740317.62;1079857.91;2013-12-07T00:00:00
14372983;530310;Neveklov;;;;;104299;Tloskov;;;è.p.;15;;;25756;740719.06;1080564.28;2013-12-07T00:00:00
14372991;530310;Neveklov;;;;;104299;Tloskov;;;è.p.;19;;;25756;740640.18;1080565.39;2013-12-07T00:00:00
14373009;530310;Neveklov;;;;;104299;Tloskov;;;è.p.;20;;;25756;740292.28;1080107.30;2013-12-07T00:00:00
14373017;530310;Neveklov;;;;;104299;Tloskov;;;è.p.;22;;;25756;740266.19;1080081.08;2013-12-07T00:00:00
14389606;530310;Neveklov;;;;;135810;Pøibyšice;;;è.p.;4;;;25756;734633.94;1080100.38;2013-12-07T00:00:00
14389614;530310;Neveklov;;;;;135810;Pøibyšice;;;è.p.;6;;;25756;734672.88;1080050.13;2013-12-07T00:00:00
14389622;530310;Neveklov;;;;;135810;Pøibyšice;;;è.p.;7;;;25756;734685.56;1080008.13;2013-12-07T00:00:00
14389631;530310;Neveklov;;;;;135810;Pøibyšice;;;è.p.;17;;;25756;734860.25;1080027.88;2013-12-07T00:00:00
14389649;530310;Neveklov;;;;;135810;Pøibyšice;;;è.p.;21;;;25756;734470.25;1080422.50;2013-12-07T00:00:00
14389657;530310;Neveklov;;;;;135810;Pøibyšice;;;è.p.;33;;;25756;734843.63;1079534.13;2013-12-07T00:00:00
14389665;530310;Neveklov;;;;;135810;Pøibyšice;;;è.p.;34;;;25756;734899.44;1079884.75;2013-12-07T00:00:00
14389673;530310;Neveklov;;;;;135810;Pøibyšice;;;è.p.;36;;;25756;734733.31;1080192.25;2013-12-07T00:00:00
14389681;530310;Neveklov;;;;;135810;Pøibyšice;;;è.ev.;1;;;25756;734176.13;1080598.50;2013-12-07T00:00:00
14389690;530310;Neveklov;;;;;135810;Pøibyšice;;;è.ev.;2;;;25756;734157.75;1080714.88;2013-12-07T00:00:00
14389703;530310;Neveklov;;;;;135810;Pøibyšice;;;è.ev.;3;;;25756;734752.06;1079905.63;2013-12-07T00:00:00
14424339;530310;Neveklov;;;;;189618;Hùrka Kapinos;;;è.p.;1;;;25756;740332.58;1082007.77;2013-12-07T00:00:00
14424347;530310;Neveklov;;;;;189618;Hùrka Kapinos;;;è.p.;5;;;25756;740291.12;1082172.81;2013-12-07T00:00:00
14424355;530310;Neveklov;;;;;189618;Hùrka Kapinos;;;è.p.;10;;;25756;740338.13;1082442.09;2013-12-07T00:00:00
14424363;530310;Neveklov;;;;;189618;Hùrka Kapinos;;;è.p.;14;;;25756;740278.26;1082502.62;2013-12-07T00:00:00
14424380;530310;Neveklov;;;;;189618;Hùrka Kapinos;;;è.ev.;1;;;25756;740228.20;1082314.76;2013-12-07T00:00:00
14424398;530310;Neveklov;;;;;189618;Hùrka Kapinos;;;è.ev.;2;;;25756;740297.72;1082494.45;2013-12-07T00:00:00
14424401;530310;Neveklov;;;;;189618;Hùrka Kapinos;;;è.ev.;3;;;25756;740351.76;1082129.56;2013-12-07T00:00:00
14424410;530310;Neveklov;;;;;189618;Hùrka Kapinos;;;è.ev.;4;;;25756;740129.01;1082002.33;2013-12-07T00:00:00
14424428;530310;Neveklov;;;;;189618;Hùrka Kapinos;;;è.ev.;5;;;25756;740374.94;1082094.69;2013-12-07T00:00:00
14424436;530310;Neveklov;;;;;189618;Hùrka Kapinos;;;è.ev.;6;;;25756;740280.68;1082294.55;2013-12-07T00:00:00
14424444;530310;Neveklov;;;;;189618;Hùrka Kapinos;;;è.ev.;7;;;25756;740523.26;1082063.50;2013-12-07T00:00:00
14424452;530310;Neveklov;;;;;189618;Hùrka Kapinos;;;è.ev.;8;;;25756;740245.22;1082061.80;2019-08-27T00:00:00
14424461;530310;Neveklov;;;;;189618;Hùrka Kapinos;;;è.ev.;9;;;25756;740301.39;1082426.98;2013-12-07T00:00:00
14424479;530310;Neveklov;;;;;189618;Hùrka Kapinos;;;è.ev.;10;;;25756;740270.03;1082411.24;2013-12-07T00:00:00
14424487;530310;Neveklov;;;;;189618;Hùrka Kapinos;;;è.ev.;11;;;25756;740270.07;1082465.38;2013-12-07T00:00:00
14424495;530310;Neveklov;;;;;189626;Spolí;;;è.p.;3;;;25756;741095.34;1081638.93;2013-12-07T00:00:00
14424509;530310;Neveklov;;;;;189626;Spolí;;;è.p.;5;;;25756;741032.77;1081484.91;2013-12-07T00:00:00
14424517;530310;Neveklov;;;;;189626;Spolí;;;è.p.;14;;;25756;741232.85;1081770.58;2013-12-07T00:00:00
14424533;530310;Neveklov;;;;;189626;Spolí;;;è.ev.;2;;;25756;741091.38;1081684.35;2013-12-07T00:00:00
14424738;530310;Neveklov;;;;;189642;Zádolí;;;è.p.;2;;;25756;741523.07;1082673.02;2013-12-07T00:00:00
14424754;530310;Neveklov;;;;;189642;Zádolí;;;è.p.;5;;;25756;741469.93;1082748.80;2013-12-07T00:00:00
14424771;530310;Neveklov;;;;;189642;Zádolí;;;è.p.;10;;;25756;741266.05;1083090.61;2013-12-07T00:00:00
14424789;530310;Neveklov;;;;;189642;Zádolí;;;è.p.;12;;;25756;741370.43;1082996.84;2013-12-07T00:00:00
14424797;530310;Neveklov;;;;;189642;Zádolí;;;è.p.;16;;;25756;741308.94;1083072.94;2013-12-07T00:00:00
14424801;530310;Neveklov;;;;;189642;Zádolí;;;è.p.;19;;;25756;741261.23;1082895.83;2013-12-07T00:00:00
14424819;530310;Neveklov;;;;;189642;Zádolí;;;è.p.;22;;;25756;741240.41;1083089.70;2013-12-07T00:00:00
14424827;530310;Neveklov;;;;;189642;Zádolí;;;è.p.;23;;;25756;741295.25;1083222.20;2013-12-07T00:00:00
14424835;530310;Neveklov;;;;;189642;Zádolí;;;è.p.;26;;;25756;741459.72;1082757.89;2013-12-07T00:00:00
14424843;530310;Neveklov;;;;;189642;Zádolí;;;è.p.;27;;;25756;741048.24;1083114.65;2013-12-07T00:00:00
14424860;530310;Neveklov;;;;;189642;Zádolí;;;è.p.;33;;;25756;741804.41;1082690.25;2013-12-07T00:00:00
14424878;530310;Neveklov;;;;;189642;Zádolí;;;è.p.;34;;;25756;741878.97;1082922.62;2013-12-07T00:00:00
14424908;530310;Neveklov;;;;;189642;Zádolí;;;è.p.;49;;;25756;741232.73;1083110.52;2013-12-07T00:00:00
14424916;530310;Neveklov;;;;;189642;Zádolí;;;è.ev.;1;;;25756;741585.78;1082560.60;2013-12-07T00:00:00
14424932;530310;Neveklov;;;;;189642;Zádolí;;;è.ev.;3;;;25756;741454.50;1082656.41;2013-12-07T00:00:00
14424941;530310;Neveklov;;;;;189642;Zádolí;;;è.p.;8;;;25756;741419.32;1082668.37;2018-12-20T00:00:00
14424959;530310;Neveklov;;;;;189642;Zádolí;;;è.ev.;5;;;25756;741578.14;1082523.34;2013-12-07T00:00:00
14424967;530310;Neveklov;;;;;189642;Zádolí;;;è.ev.;6;;;25756;741433.53;1082800.46;2013-12-07T00:00:00
14424975;530310;Neveklov;;;;;189642;Zádolí;;;è.ev.;7;;;25756;741787.43;1082740.91;2013-12-07T00:00:00
14424983;530310;Neveklov;;;;;189642;Zádolí;;;è.ev.;9;;;25756;741706.95;1082781.91;2013-12-07T00:00:00
14424991;530310;Neveklov;;;;;189642;Zádolí;;;è.ev.;10;;;25756;741719.82;1082773.89;2013-12-07T00:00:00
14425009;530310;Neveklov;;;;;189642;Zádolí;;;è.ev.;11;;;25756;741743.81;1082755.08;2013-12-07T00:00:00
14425017;530310;Neveklov;;;;;189642;Zádolí;;;è.ev.;12;;;25756;741761.84;1082746.71;2013-12-07T00:00:00
14425025;530310;Neveklov;;;;;189642;Zádolí;;;è.ev.;13;;;25756;741388.28;1082737.66;2013-12-07T00:00:00
14425033;530310;Neveklov;;;;;189642;Zádolí;;;è.ev.;14;;;25756;741291.93;1083125.79;2013-12-07T00:00:00
14425041;530310;Neveklov;;;;;189642;Zádolí;;;è.ev.;15;;;25756;741445.66;1082780.76;2013-12-07T00:00:00
14432943;530310;Neveklov;;;;;401315;Doloplazy;;;è.p.;2;;;25756;736040.57;1082281.65;2013-12-07T00:00:00
14432951;530310;Neveklov;;;;;401323;Kožlí;;;è.ev.;1;;;25601;733267.31;1080039.22;2017-03-17T00:00:00
14432960;530310;Neveklov;;;;;401323;Kožlí;;;è.ev.;2;;;25601;733286.31;1080032.75;2013-12-07T00:00:00
14433028;530310;Neveklov;;;;;401340;Zárybnice;;;è.p.;1;;;25756;740522.84;1082129.16;2013-12-07T00:00:00
25172646;530310;Neveklov;;;;;1953;Bìlice;;;è.p.;25;;;25744;742594.39;1077993.20;2013-12-07T00:00:00
25172654;530310;Neveklov;;;;;1953;Bìlice;;;è.p.;24;;;25744;742620.17;1078120.41;2013-12-07T00:00:00
25191381;530310;Neveklov;;;;;104281;Neveklov;3506;Sokolská;è.p.;311;;;25756;739457.26;1080972.52;2013-12-07T00:00:00
25191390;530310;Neveklov;;;;;104281;Neveklov;3506;Sokolská;è.p.;312;;;25756;739426.46;1080981.97;2013-12-07T00:00:00
25325825;530310;Neveklov;;;;;104281;Neveklov;703460;Školní;è.p.;305;;;25756;739817.48;1080400.19;2013-12-07T00:00:00
25331141;530310;Neveklov;;;;;104281;Neveklov;703460;Školní;è.p.;303;;;25756;739829.42;1080562.05;2013-12-07T00:00:00
25399641;530310;Neveklov;;;;;56154;Jablonná;;;è.p.;61;;;25744;745394.38;1076773.25;2013-12-07T00:00:00
25416189;530310;Neveklov;;;;;56162;Nebøich;;;è.p.;39;;;25744;746950.00;1077507.00;2013-12-07T00:00:00
25416197;530310;Neveklov;;;;;56162;Nebøich;;;è.p.;40;;;25744;746960.00;1077528.00;2013-12-07T00:00:00
25450468;530310;Neveklov;;;;;104281;Neveklov;3573;Za Radnicí;è.p.;306;;;25756;740048.38;1080717.87;2013-12-07T00:00:00
25450476;530310;Neveklov;;;;;104281;Neveklov;3573;Za Radnicí;è.p.;307;;;25756;740047.37;1080723.91;2013-12-07T00:00:00
25450484;530310;Neveklov;;;;;104281;Neveklov;3573;Za Radnicí;è.p.;308;;;25756;740045.91;1080730.27;2013-12-07T00:00:00
25640119;530310;Neveklov;;;;;104281;Neveklov;3476;Na Leškovì;è.p.;314;;;25756;740076.50;1081166.35;2013-12-07T00:00:00
25640127;530310;Neveklov;;;;;104281;Neveklov;3476;Na Leškovì;è.p.;315;;;25756;740093.17;1081037.72;2013-12-07T00:00:00
25640135;530310;Neveklov;;;;;56154;Jablonná;;;è.p.;62;;;25744;745330.00;1077260.00;2013-12-07T00:00:00
25640143;530310;Neveklov;;;;;104281;Neveklov;717703;Luèní;è.p.;313;;;25756;739826.01;1081119.75;2013-12-07T00:00:00
25647181;530310;Neveklov;;;;;56162;Nebøich;;;è.p.;41;;;25744;746959.90;1077821.74;2013-12-07T00:00:00
25681290;530310;Neveklov;;;;;56154;Jablonná;;;è.p.;63;;;25744;745078.00;1077265.00;2013-12-07T00:00:00
25710893;530310;Neveklov;;;;;189642;Zádolí;;;è.p.;41;;;25756;741527.96;1082518.61;2013-12-07T00:00:00
25719416;530310;Neveklov;;;;;97349;Mlékovice;;;è.p.;29;;;25756;740716.79;1078168.09;2013-12-07T00:00:00
25719424;530310;Neveklov;;;;;97357;Ouštice;;;è.p.;35;;;25756;739205.67;1077713.95;2013-12-07T00:00:00
25719432;530310;Neveklov;;;;;24511;Dalešice;;;è.p.;35;;;25744;743002.10;1076297.45;2013-12-07T00:00:00
25719441;530310;Neveklov;;;;;103870;Chvojínek;;;è.p.;23;;;25756;737754.85;1079625.01;2013-12-07T00:00:00
25789457;530310;Neveklov;;;;;56154;Jablonná;;;è.p.;65;;;25744;745559.00;1077075.00;2013-12-07T00:00:00
25789465;530310;Neveklov;;;;;189642;Zádolí;;;è.p.;42;;;25756;741773.20;1082916.13;2013-12-07T00:00:00
25811533;530310;Neveklov;;;;;56162;Nebøich;;;è.p.;42;;;25744;746990.00;1077624.00;2013-12-07T00:00:00
25835785;530310;Neveklov;;;;;104299;Tloskov;;;è.p.;27;;;25756;740437.15;1079904.41;2013-12-07T00:00:00
25956451;530310;Neveklov;;;;;5533;Blažim;;;è.p.;45;;;25744;745511.81;1079056.16;2013-12-07T00:00:00
25995421;530310;Neveklov;;;;;104281;Neveklov;3409;Benešovská;è.p.;316;;;25756;739632.76;1081110.13;2013-12-07T00:00:00
26001349;530310;Neveklov;;;;;135810;Pøibyšice;;;è.p.;39;;;25756;734735.00;1079956.00;2013-12-07T00:00:00
26009013;530310;Neveklov;;;;;56154;Jablonná;;;è.ev.;17;;;25744;746237.00;1077345.00;2013-12-07T00:00:00
26009021;530310;Neveklov;;;;;56154;Jablonná;;;è.ev.;19;;;25744;746615.00;1077015.00;2013-12-07T00:00:00
26009030;530310;Neveklov;;;;;56154;Jablonná;;;è.ev.;20;;;25744;746668.00;1077154.00;2013-12-07T00:00:00
26009048;530310;Neveklov;;;;;56154;Jablonná;;;è.ev.;21;;;25744;746673.00;1077165.00;2013-12-07T00:00:00
26009056;530310;Neveklov;;;;;56154;Jablonná;;;è.ev.;22;;;25744;746598.48;1077074.62;2021-06-15T00:00:00
26009064;530310;Neveklov;;;;;56154;Jablonná;;;è.ev.;23;;;25744;746605.00;1077183.00;2013-12-07T00:00:00
26009072;530310;Neveklov;;;;;56154;Jablonná;;;è.ev.;24;;;25744;746710.00;1076935.00;2013-12-07T00:00:00
26009081;530310;Neveklov;;;;;56154;Jablonná;;;è.ev.;25;;;25744;746698.00;1076943.00;2013-12-07T00:00:00
26009099;530310;Neveklov;;;;;56154;Jablonná;;;è.ev.;26;;;25744;746553.34;1077191.96;2021-06-15T00:00:00
26009102;530310;Neveklov;;;;;56154;Jablonná;;;è.ev.;27;;;25744;746601.54;1077092.60;2021-06-15T00:00:00
26009111;530310;Neveklov;;;;;56154;Jablonná;;;è.ev.;28;;;25744;746730.00;1076910.00;2013-12-07T00:00:00
26009129;530310;Neveklov;;;;;56154;Jablonná;;;è.ev.;29;;;25744;747020.00;1076870.00;2013-12-07T00:00:00
26009137;530310;Neveklov;;;;;56154;Jablonná;;;è.ev.;30;;;25744;746719.00;1076950.00;2013-12-07T00:00:00
26009145;530310;Neveklov;;;;;56154;Jablonná;;;è.ev.;31;;;25744;746617.00;1077078.00;2013-12-07T00:00:00
26009153;530310;Neveklov;;;;;56154;Jablonná;;;è.ev.;32;;;25744;746616.00;1077051.00;2013-12-07T00:00:00
26009161;530310;Neveklov;;;;;56154;Jablonná;;;è.ev.;33;;;25744;746672.00;1077117.00;2013-12-07T00:00:00
26009170;530310;Neveklov;;;;;56154;Jablonná;;;è.ev.;34;;;25744;746634.92;1076997.89;2021-06-15T00:00:00
26009188;530310;Neveklov;;;;;56154;Jablonná;;;è.ev.;35;;;25744;746626.62;1077116.65;2013-12-07T00:00:00
26009196;530310;Neveklov;;;;;56154;Jablonná;;;è.ev.;37;;;25744;746624.00;1077135.00;2013-12-07T00:00:00
26009200;530310;Neveklov;;;;;56154;Jablonná;;;è.ev.;38;;;25744;746624.00;1077148.00;2013-12-07T00:00:00
26026449;530310;Neveklov;;;;;189618;Hùrka Kapinos;;;è.p.;15;;;25756;740204.72;1082307.34;2013-12-07T00:00:00
26045036;530310;Neveklov;;;;;56154;Jablonná;;;è.ev.;40;;;25744;746615.00;1077069.00;2013-12-07T00:00:00
26045044;530310;Neveklov;;;;;189642;Zádolí;;;è.ev.;16;;;25756;741358.02;1082841.35;2013-12-07T00:00:00
26111144;530310;Neveklov;;;;;104281;Neveklov;3506;Sokolská;è.p.;317;;;25756;739358.58;1080988.46;2013-12-07T00:00:00
26111152;530310;Neveklov;;;;;56154;Jablonná;;;è.p.;66;;;25744;745177.00;1076737.00;2013-12-07T00:00:00
26111161;530310;Neveklov;;;;;97349;Mlékovice;;;è.p.;30;;;25756;741130.63;1079089.25;2013-12-07T00:00:00
26131404;530310;Neveklov;;;;;104281;Neveklov;3450;Nová;è.p.;318;;;25756;739779.36;1081229.08;2013-12-07T00:00:00
26165660;530310;Neveklov;;;;;56154;Jablonná;;;è.ev.;41;;;25744;746623.00;1077103.00;2013-12-07T00:00:00
26165678;530310;Neveklov;;;;;104281;Neveklov;3433;Husova;è.p.;265;;;25756;739715.92;1080565.72;2013-12-07T00:00:00
26177439;530310;Neveklov;;;;;189642;Zádolí;;;è.p.;43;;;25756;741820.05;1082905.75;2013-12-07T00:00:00
26181428;530310;Neveklov;;;;;56154;Jablonná;;;è.ev.;42;;;25744;746668.00;1077135.00;2013-12-07T00:00:00
26217597;530310;Neveklov;;;;;104281;Neveklov;3573;Za Radnicí;è.p.;309;;;25756;739980.35;1080673.44;2013-12-07T00:00:00
26217601;530310;Neveklov;;;;;56162;Nebøich;;;è.p.;43;;;25744;746998.00;1077546.00;2013-12-07T00:00:00
26255448;530310;Neveklov;;;;;1953;Bìlice;;;è.ev.;13;;;25744;744149.20;1078143.78;2013-12-07T00:00:00
26255456;530310;Neveklov;;;;;56154;Jablonná;;;è.ev.;43;;;25744;746622.00;1077006.00;2013-12-07T00:00:00
26255464;530310;Neveklov;;;;;104281;Neveklov;3514;Pražská;è.p.;319;;;25756;740057.00;1080421.00;2013-12-07T00:00:00
26255472;530310;Neveklov;;;;;104281;Neveklov;3476;Na Leškovì;è.p.;320;;;25756;740051.91;1081160.50;2013-12-07T00:00:00
26255481;530310;Neveklov;;;;;104281;Neveklov;703460;Školní;è.p.;321;;;25756;739795.37;1080589.24;2013-12-07T00:00:00
26255499;530310;Neveklov;;;;;189642;Zádolí;;;è.p.;52;;;25756;741728.08;1082507.84;2013-12-07T00:00:00
26260506;530310;Neveklov;;;;;56162;Nebøich;;;è.p.;44;;;25744;746961.10;1077653.54;2013-12-07T00:00:00
26260514;530310;Neveklov;;;;;97322;Borovka;;;è.p.;23;;;25756;739665.84;1079226.30;2013-12-07T00:00:00
26283786;530310;Neveklov;;;;;56162;Nebøich;;;è.p.;45;;;25744;747003.37;1077576.58;2013-12-07T00:00:00
26297027;530310;Neveklov;;;;;97322;Borovka;;;è.p.;24;;;25756;739855.30;1078609.06;2013-12-07T00:00:00
26631393;530310;Neveklov;;;;;56154;Jablonná;;;è.p.;67;;;25744;745447.00;1077386.00;2013-12-07T00:00:00
26779781;530310;Neveklov;;;;;1953;Bìlice;;;è.p.;68;;;25744;744326.66;1078993.48;2013-12-07T00:00:00
26779790;530310;Neveklov;;;;;56162;Nebøich;;;è.p.;38;;;25744;746881.02;1077739.20;2013-12-07T00:00:00
26779803;530310;Neveklov;;;;;103888;Neštìtice;;;è.p.;34;;;25756;736361.10;1080284.75;2013-12-07T00:00:00
26779811;530310;Neveklov;;;;;104281;Neveklov;703460;Školní;è.p.;302;;;25756;739850.96;1080509.80;2013-12-07T00:00:00
26779820;530310;Neveklov;;;;;104281;Neveklov;703460;Školní;è.p.;304;;;25756;739820.26;1080462.11;2013-12-07T00:00:00
26779838;530310;Neveklov;;;;;104281;Neveklov;780855;Buková;è.p.;322;;;25756;739597.92;1081421.13;2014-02-03T00:00:00
26779846;530310;Neveklov;;;;;104299;Tloskov;;;è.p.;26;;;25756;740395.00;1079920.85;2013-12-07T00:00:00
26779854;530310;Neveklov;;;;;189642;Zádolí;;;è.p.;51;;;25756;741462.24;1082983.73;2013-12-07T00:00:00
27174697;530310;Neveklov;;;;;97349;Mlékovice;;;è.ev.;8;;;25756;740410.62;1077912.92;2013-12-07T00:00:00
27174719;530310;Neveklov;;;;;104281;Neveklov;780855;Buková;è.p.;323;;;25756;739594.95;1081449.77;2013-12-07T00:00:00
27174727;530310;Neveklov;;;;;104281;Neveklov;3450;Nová;è.p.;324;;;25756;739787.37;1081181.15;2013-12-07T00:00:00
27226816;530310;Neveklov;;;;;104281;Neveklov;1970631;Tulipánová;è.p.;325;;;25756;739671.75;1080422.01;2017-01-17T00:00:00
27404285;530310;Neveklov;;;;;56154;Jablonná;;;è.p.;68;;;25744;745261.00;1076714.00;2013-12-07T00:00:00
27425843;530310;Neveklov;;;;;56154;Jablonná;;;è.p.;69;;;25744;745290.26;1076728.22;2013-12-07T00:00:00
27513394;530310;Neveklov;;;;;104281;Neveklov;3433;Husova;è.p.;326;;;25756;739572.63;1080429.50;2013-12-07T00:00:00
27517128;530310;Neveklov;;;;;104281;Neveklov;703460;Školní;è.p.;327;;;25756;739776.01;1080437.61;2013-12-07T00:00:00
27536874;530310;Neveklov;;;;;97349;Mlékovice;;;è.ev.;48;;;25756;740494.48;1077941.65;2013-12-07T00:00:00
27598748;530310;Neveklov;;;;;56154;Jablonná;;;è.p.;70;;;25744;745340.99;1076838.21;2013-12-07T00:00:00
27598781;530310;Neveklov;;;;;97331;Lipka;;;è.p.;11;;;25756;738539.86;1078107.81;2013-12-07T00:00:00
27613984;530310;Neveklov;;;;;189626;Spolí;;;è.p.;15;;;25756;740951.94;1081415.18;2013-12-07T00:00:00
27657540;530310;Neveklov;;;;;104281;Neveklov;703460;Školní;è.p.;328;;;25756;739770.31;1080375.44;2013-12-07T00:00:00
27694186;530310;Neveklov;;;;;135810;Pøibyšice;;;è.p.;19;;;25756;734705.00;1080067.00;2013-12-07T00:00:00
27705633;530310;Neveklov;;;;;189642;Zádolí;;;è.p.;20;;;25756;741425.20;1082746.76;2013-12-07T00:00:00
27754146;530310;Neveklov;;;;;104299;Tloskov;;;è.p.;29;;;25756;740507.42;1079908.16;2013-12-07T00:00:00
27788326;530310;Neveklov;;;;;97349;Mlékovice;;;è.ev.;17;;;25756;740476.75;1077949.63;2013-12-07T00:00:00
27788334;530310;Neveklov;;;;;97349;Mlékovice;;;è.ev.;29;;;25756;740338.37;1077920.07;2013-12-07T00:00:00
27788342;530310;Neveklov;;;;;97349;Mlékovice;;;è.ev.;30;;;25756;740360.93;1077918.57;2013-12-07T00:00:00
27819515;530310;Neveklov;;;;;97349;Mlékovice;;;è.ev.;15;;;25756;740444.49;1077850.69;2013-12-07T00:00:00
27860990;530310;Neveklov;;;;;189618;Hùrka Kapinos;;;è.ev.;14;;;25756;740272.24;1082442.08;2013-12-07T00:00:00
27982289;530310;Neveklov;;;;;189618;Hùrka Kapinos;;;è.p.;16;;;25756;740289.36;1082523.69;2013-12-07T00:00:00
28002806;530310;Neveklov;;;;;104299;Tloskov;;;è.p.;31;;;25756;740564.88;1079918.31;2013-12-07T00:00:00
28003985;530310;Neveklov;;;;;189626;Spolí;;;è.p.;9;;;25756;741174.42;1081721.20;2013-12-07T00:00:00
28024044;530310;Neveklov;;;;;56162;Nebøich;;;è.p.;46;;;25744;747036.00;1077624.00;2013-12-07T00:00:00
28024052;530310;Neveklov;;;;;56162;Nebøich;;;è.p.;47;;;25744;747040.00;1077643.00;2013-12-07T00:00:00
28058551;530310;Neveklov;;;;;56162;Nebøich;;;è.p.;35;;;25744;746919.70;1077514.08;2013-12-07T00:00:00
28194187;530310;Neveklov;;;;;189642;Zádolí;;;è.p.;53;;;25756;741352.06;1083113.30;2013-12-07T00:00:00
28194195;530310;Neveklov;;;;;56154;Jablonná;;;è.p.;71;;;25744;745342.25;1076745.58;2014-04-16T00:00:00
28230426;530310;Neveklov;;;;;1953;Bìlice;;;è.p.;69;;;25744;744215.26;1078163.34;2013-12-07T00:00:00
28236084;530310;Neveklov;;;;;56154;Jablonná;;;è.ev.;46;;;25744;746805.00;1076839.00;2013-12-07T00:00:00
28236092;530310;Neveklov;;;;;104281;Neveklov;3476;Na Leškovì;è.p.;329;;;25756;739887.24;1081060.47;2013-12-07T00:00:00
28252772;530310;Neveklov;;;;;1953;Bìlice;;;è.p.;70;;;25756;743991.87;1078934.40;2014-04-16T00:00:00
28264690;530310;Neveklov;;;;;104281;Neveklov;;;è.ev.;35;;;25756;739560.01;1081600.44;2016-03-23T00:00:00
28324463;530310;Neveklov;;;;;97349;Mlékovice;;;è.ev.;18;;;25756;740441.60;1077930.38;2014-04-09T00:00:00
28370171;530310;Neveklov;;;;;104281;Neveklov;3506;Sokolská;è.p.;330;;;25756;739526.80;1080940.60;2016-03-23T00:00:00
28415868;530310;Neveklov;;;;;97349;Mlékovice;;;è.p.;20;;;25756;740877.47;1078244.93;2014-04-15T00:00:00
28450639;530310;Neveklov;;;;;135810;Pøibyšice;;;è.p.;40;;;25756;734779.56;1079270.75;2014-04-16T00:00:00
30027080;530310;Neveklov;;;;;104281;Neveklov;3425;Na Skalce;è.p.;148;;;25756;739607.75;1080695.97;2013-12-07T00:00:00
30027098;530310;Neveklov;;;;;104281;Neveklov;3425;Na Skalce;è.p.;163;;;25756;739618.34;1080644.16;2013-12-07T00:00:00
30027101;530310;Neveklov;;;;;104281;Neveklov;3425;Na Skalce;è.p.;165;;;25756;739599.09;1080577.81;2013-12-07T00:00:00
30027110;530310;Neveklov;;;;;104281;Neveklov;3417;K Dubovce;è.p.;172;;;25756;739435.79;1081077.04;2013-12-07T00:00:00
30027128;530310;Neveklov;;;;;104281;Neveklov;3425;Na Skalce;è.p.;174;;;25756;739621.94;1080735.84;2013-12-07T00:00:00
30027136;530310;Neveklov;;;;;104281;Neveklov;3417;K Dubovce;è.p.;183;;;25756;739393.23;1081067.29;2013-12-07T00:00:00
30027144;530310;Neveklov;;;;;104281;Neveklov;3522;Rákosníkova;è.p.;187;;;25756;739567.38;1081004.42;2014-05-12T00:00:00
30027152;530310;Neveklov;;;;;104281;Neveklov;3425;Na Skalce;è.p.;193;;;25756;739640.85;1080623.68;2013-12-07T00:00:00
30027161;530310;Neveklov;;;;;104281;Neveklov;3549;Tloskovská;è.p.;195;;;25756;740022.71;1080610.36;2013-12-07T00:00:00
30027179;530310;Neveklov;;;;;104281;Neveklov;3425;Na Skalce;è.p.;197;;;25756;739643.40;1080649.57;2013-12-07T00:00:00
30027195;530310;Neveklov;;;;;104281;Neveklov;3417;K Dubovce;è.p.;219;;;25756;739513.35;1081067.94;2013-12-07T00:00:00
30027241;530310;Neveklov;;;;;104281;Neveklov;3549;Tloskovská;è.p.;239;;;25756;739820.17;1080675.67;2013-12-07T00:00:00
30027250;530310;Neveklov;;;;;104281;Neveklov;3549;Tloskovská;è.p.;248;;;25756;739954.26;1080620.10;2013-12-07T00:00:00
30027268;530310;Neveklov;;;;;104281;Neveklov;3549;Tloskovská;è.p.;250;;;25756;739973.95;1080616.92;2013-12-07T00:00:00
30027276;530310;Neveklov;;;;;104281;Neveklov;703460;Školní;è.p.;261;;;25756;739785.91;1080550.18;2013-12-07T00:00:00
30027314;530310;Neveklov;;;;;104281;Neveklov;3557;Zahradní;è.p.;268;;;25756;739733.22;1080506.25;2013-12-07T00:00:00
30027331;530310;Neveklov;;;;;104281;Neveklov;3417;K Dubovce;è.p.;276;;;25756;739509.75;1081025.41;2013-12-07T00:00:00
30028973;530310;Neveklov;;;;;104281;Neveklov;703460;Školní;è.p.;181;;;25756;739797.85;1080621.88;2013-12-07T00:00:00
30249139;530310;Neveklov;;;;;104281;Neveklov;3425;Na Skalce;è.p.;160;;;25756;739614.82;1080612.09;2013-12-07T00:00:00
30249147;530310;Neveklov;;;;;104281;Neveklov;3425;Na Skalce;è.p.;161;;;25756;739617.17;1080627.98;2013-12-07T00:00:00
30249155;530310;Neveklov;;;;;104281;Neveklov;3417;K Dubovce;è.p.;171;;;25756;739452.34;1081072.61;2013-12-07T00:00:00
30249163;530310;Neveklov;;;;;104281;Neveklov;3565;Táborská;è.p.;185;;;25756;739628.10;1081272.81;2013-12-07T00:00:00
30673429;530310;Neveklov;;;;;1953;Bìlice;;;è.ev.;12;;;25744;744178.88;1078136.46;2013-12-07T00:00:00
30769850;530310;Neveklov;;;;;56154;Jablonná;;;è.p.;64;;;25744;745055.00;1077300.00;2013-12-07T00:00:00
30769868;530310;Neveklov;;;;;56154;Jablonná;;;è.ev.;44;;;25744;746831.00;1076813.00;2013-12-07T00:00:00
30769876;530310;Neveklov;;;;;56154;Jablonná;;;è.ev.;45;;;25744;746600.92;1077052.80;2021-06-15T00:00:00
30769884;530310;Neveklov;;;;;56162;Nebøich;;;è.p.;34;;;25744;746927.84;1077542.85;2013-12-07T00:00:00
30769892;530310;Neveklov;;;;;56162;Nebøich;;;è.p.;36;;;25744;747002.88;1077507.72;2013-12-07T00:00:00
30769906;530310;Neveklov;;;;;56162;Nebøich;;;è.p.;37;;;25744;746978.91;1077595.56;2013-12-07T00:00:00
30769914;530310;Neveklov;;;;;56162;Nebøich;;;è.ev.;26;;;25744;748246.36;1078146.44;2013-12-07T00:00:00
30769922;530310;Neveklov;;;;;56162;Nebøich;;;è.ev.;27;;;25744;747166.04;1077713.21;2013-12-07T00:00:00
30826802;530310;Neveklov;;;;;97322;Borovka;;;è.p.;14;;;25756;739708.45;1078746.51;2013-12-07T00:00:00
30826811;530310;Neveklov;;;;;97349;Mlékovice;;;è.ev.;9;;;25756;740397.18;1077830.44;2013-12-07T00:00:00
30826829;530310;Neveklov;;;;;97349;Mlékovice;;;è.ev.;11;;;25756;740454.90;1077867.54;2013-12-07T00:00:00
30826837;530310;Neveklov;;;;;97349;Mlékovice;;;è.ev.;12;;;25756;740466.73;1077882.66;2013-12-07T00:00:00
30826845;530310;Neveklov;;;;;97349;Mlékovice;;;è.ev.;13;;;25756;740467.19;1077905.56;2013-12-07T00:00:00
30826853;530310;Neveklov;;;;;97349;Mlékovice;;;è.ev.;14;;;25756;740380.10;1077829.88;2013-12-07T00:00:00
30826861;530310;Neveklov;;;;;97349;Mlékovice;;;è.ev.;19;;;25756;740463.41;1077933.24;2013-12-07T00:00:00
30826870;530310;Neveklov;;;;;97349;Mlékovice;;;è.ev.;20;;;25756;740429.04;1077935.20;2013-12-07T00:00:00
30826888;530310;Neveklov;;;;;97349;Mlékovice;;;è.ev.;23;;;25756;740386.42;1077903.72;2013-12-07T00:00:00
30826896;530310;Neveklov;;;;;97349;Mlékovice;;;è.ev.;24;;;25756;740431.50;1078026.77;2013-12-07T00:00:00
30826900;530310;Neveklov;;;;;97349;Mlékovice;;;è.ev.;25;;;25756;740339.98;1077870.15;2013-12-07T00:00:00
30826918;530310;Neveklov;;;;;97349;Mlékovice;;;è.ev.;26;;;25756;740325.11;1077864.52;2013-12-07T00:00:00
30826926;530310;Neveklov;;;;;97349;Mlékovice;;;è.ev.;27;;;25756;740329.94;1077882.00;2013-12-07T00:00:00
30826934;530310;Neveklov;;;;;97349;Mlékovice;;;è.ev.;28;;;25756;740329.48;1077901.91;2013-12-07T00:00:00
30826942;530310;Neveklov;;;;;97349;Mlékovice;;;è.ev.;31;;;25756;740378.48;1077916.50;2013-12-07T00:00:00
30826951;530310;Neveklov;;;;;97349;Mlékovice;;;è.ev.;32;;;25756;740397.24;1077939.87;2013-12-07T00:00:00
30826969;530310;Neveklov;;;;;97349;Mlékovice;;;è.ev.;35;;;25756;740448.54;1077986.70;2013-12-07T00:00:00
30826977;530310;Neveklov;;;;;97349;Mlékovice;;;è.ev.;36;;;25756;740373.82;1077947.35;2013-12-07T00:00:00
30826985;530310;Neveklov;;;;;97349;Mlékovice;;;è.ev.;37;;;25756;740351.23;1077948.73;2013-12-07T00:00:00
30826993;530310;Neveklov;;;;;97349;Mlékovice;;;è.ev.;39;;;25756;740320.00;1077960.12;2013-12-07T00:00:00
30827001;530310;Neveklov;;;;;97349;Mlékovice;;;è.ev.;40;;;25756;740318.64;1077983.54;2013-12-07T00:00:00
30827019;530310;Neveklov;;;;;97349;Mlékovice;;;è.ev.;41;;;25756;740306.44;1077967.43;2013-12-07T00:00:00
30827027;530310;Neveklov;;;;;97349;Mlékovice;;;è.ev.;42;;;25756;740290.44;1077969.84;2013-12-07T00:00:00
30827035;530310;Neveklov;;;;;97349;Mlékovice;;;è.ev.;43;;;25756;740313.34;1078001.48;2013-12-07T00:00:00
30827043;530310;Neveklov;;;;;97349;Mlékovice;;;è.ev.;46;;;25756;740483.22;1077900.29;2013-12-07T00:00:00
30827051;530310;Neveklov;;;;;97349;Mlékovice;;;è.ev.;47;;;25756;740488.32;1077918.54;2013-12-07T00:00:00
30827060;530310;Neveklov;;;;;97349;Mlékovice;;;è.ev.;50;;;25756;740360.74;1077875.82;2013-12-07T00:00:00
30827078;530310;Neveklov;;;;;97349;Mlékovice;;;è.ev.;55;;;25756;740337.23;1077842.61;2013-12-07T00:00:00
30827086;530310;Neveklov;;;;;97357;Ouštice;;;è.ev.;6;;;25756;739703.51;1077630.63;2013-12-07T00:00:00
30838894;530310;Neveklov;;;;;103870;Chvojínek;;;è.p.;9;;;25756;737779.89;1079443.95;2013-12-07T00:00:00
30839190;530310;Neveklov;;;;;104272;Dubovka;;;è.p.;6;;;25756;738283.42;1080702.75;2013-12-07T00:00:00
30839203;530310;Neveklov;;;;;104281;Neveklov;3565;Táborská;è.p.;24;;;25756;739801.15;1081027.43;2013-12-07T00:00:00
30839211;530310;Neveklov;;;;;104281;Neveklov;3514;Pražská;è.p.;310;;;25756;740117.21;1080584.69;2013-12-07T00:00:00
30839220;530310;Neveklov;;;;;104281;Neveklov;;;è.ev.;32;;;25756;739546.82;1081385.35;2021-09-23T00:00:00
30839238;530310;Neveklov;;;;;104281;Neveklov;;;è.ev.;33;;;25756;739675.36;1081571.35;2013-12-07T00:00:00
30839246;530310;Neveklov;;;;;104281;Neveklov;;;è.ev.;34;;;25756;739609.82;1081614.73;2013-12-07T00:00:00
30839254;530310;Neveklov;;;;;104281;Neveklov;;;è.ev.;36;;;25756;739608.22;1081565.73;2013-12-07T00:00:00
30839262;530310;Neveklov;;;;;104281;Neveklov;;;è.ev.;37;;;25756;739578.74;1080567.44;2013-12-07T00:00:00
30839271;530310;Neveklov;;;;;104281;Neveklov;;;è.ev.;38;;;25756;739569.61;1081581.95;2013-12-07T00:00:00
30839289;530310;Neveklov;;;;;104281;Neveklov;;;è.ev.;39;;;25756;739584.03;1081585.80;2013-12-07T00:00:00
30839297;530310;Neveklov;;;;;104299;Tloskov;;;è.p.;28;;;25756;740476.93;1079905.11;2013-12-07T00:00:00
30839301;530310;Neveklov;;;;;104299;Tloskov;;;è.p.;32;;;25756;740571.55;1079883.59;2014-04-15T00:00:00
30871875;530310;Neveklov;;;;;135810;Pøibyšice;;;è.p.;28;;;25756;734893.00;1079993.00;2013-12-07T00:00:00
31235271;530310;Neveklov;;;;;56154;Jablonná;;;è.p.;27;;;25744;745361.81;1076804.00;2013-12-07T00:00:00
31263763;530310;Neveklov;;;;;97349;Mlékovice;;;è.ev.;51;;;25756;740379.87;1077864.57;2021-07-13T00:00:00
31263771;530310;Neveklov;;;;;97349;Mlékovice;;;è.ev.;52;;;25756;740429.08;1077910.09;2021-02-04T00:00:00
40073441;530310;Neveklov;;;;;104299;Tloskov;;;è.p.;25;;;25756;740247.92;1079559.20;2021-07-16T00:00:00
40073459;530310;Neveklov;;;;;97365;Radslavice;;;è.ev.;2;;;25756;741100.16;1077720.69;2014-04-09T00:00:00
40556387;530310;Neveklov;;;;;189642;Zádolí;;;è.p.;44;;;25756;741801.43;1082806.16;2013-12-07T00:00:00
40571068;530310;Neveklov;;;;;5533;Blažim;;;è.p.;22;;;25744;745045.00;1079941.04;2014-04-15T00:00:00
40572471;530310;Neveklov;;;;;104281;Neveklov;1970631;Tulipánová;è.p.;331;;;25756;739615.34;1080457.07;2017-01-17T00:00:00
40584020;530310;Neveklov;;;;;56162;Nebøich;;;è.p.;48;;;25744;746812.83;1077649.71;2014-04-15T00:00:00
40736717;530310;Neveklov;;;;;56162;Nebøich;;;è.p.;17;;;25744;746928.25;1077740.88;2014-04-15T00:00:00
40858031;530310;Neveklov;;;;;56154;Jablonná;;;è.ev.;48;;;25744;746585.23;1077196.08;2014-04-09T00:00:00
40900622;530310;Neveklov;;;;;104281;Neveklov;3506;Sokolská;è.p.;332;;;25756;739397.65;1080989.44;2014-04-23T00:00:00
41036981;530310;Neveklov;;;;;104281;Neveklov;703460;Školní;è.p.;334;;;25756;739777.76;1080404.90;2013-12-07T00:00:00
41063783;530310;Neveklov;;;;;104281;Neveklov;3417;K Dubovce;è.p.;335;;;25756;739256.07;1080991.70;2014-04-15T00:00:00
41067541;530310;Neveklov;;;;;135810;Pøibyšice;;;è.p.;41;;;25756;734826.64;1079858.98;2013-12-07T00:00:00
41067703;530310;Neveklov;;;;;135810;Pøibyšice;;;è.p.;42;;;25756;734896.49;1079679.15;2013-12-07T00:00:00
41074521;530310;Neveklov;;;;;104281;Neveklov;3484;námìstí Jana Heømana;è.p.;333;;;25756;739880.56;1080992.98;2014-04-15T00:00:00
41195574;530310;Neveklov;;;;;56154;Jablonná;;;è.p.;72;;;25744;744528.92;1077584.62;2013-12-07T00:00:00
41195671;530310;Neveklov;;;;;56154;Jablonná;;;è.p.;73;;;25744;745398.72;1077362.87;2013-12-07T00:00:00
41495837;530310;Neveklov;;;;;97349;Mlékovice;;;è.p.;31;;;25756;740955.70;1078287.93;2014-04-15T00:00:00
41542681;530310;Neveklov;;;;;24511;Dalešice;;;è.p.;27;;;25744;743191.97;1076364.10;2013-12-07T00:00:00
41785118;530310;Neveklov;;;;;104281;Neveklov;3549;Tloskovská;è.p.;336;;;25756;739996.22;1080610.68;2014-11-03T00:00:00
41786297;530310;Neveklov;;;;;103870;Chvojínek;;;è.p.;18;;;25756;737748.40;1079725.82;2013-12-07T00:00:00
42246741;530310;Neveklov;;;;;135810;Pøibyšice;;;è.p.;43;;;25756;734976.66;1079584.73;2013-12-07T00:00:00
42513243;530310;Neveklov;;;;;24511;Dalešice;;;è.p.;29;;;25744;743323.17;1076421.55;2013-12-07T00:00:00
42513588;530310;Neveklov;;;;;104281;Neveklov;703460;Školní;è.p.;337;;;25756;739810.02;1080636.36;2014-02-06T00:00:00
42647398;530310;Neveklov;;;;;56154;Jablonná;;;è.p.;74;;;25744;745193.67;1077259.37;2013-12-07T00:00:00
42757258;530310;Neveklov;;;;;104281;Neveklov;3476;Na Leškovì;è.p.;338;;;25756;739854.22;1081036.33;2013-12-07T00:00:00
70870659;530310;Neveklov;;;;;5533;Blažim;;;è.p.;24;;;25744;745046.34;1079879.22;2014-01-10T00:00:00
72233991;530310;Neveklov;;;;;330680;Heroutice;;;è.p.;1;;;25756;740640.27;1079056.87;2014-02-25T00:00:00
72612011;530310;Neveklov;;;;;104281;Neveklov;3506;Sokolská;è.p.;339;;;25756;739491.79;1080893.47;2016-03-23T00:00:00
72612657;530310;Neveklov;;;;;189618;Hùrka Kapinos;;;è.p.;8;;;25756;740236.48;1082403.66;2014-04-25T00:00:00
72706481;530310;Neveklov;;;;;104299;Tloskov;;;è.p.;30;;;25756;740538.18;1079911.48;2014-05-28T00:00:00
72847905;530310;Neveklov;;;;;56154;Jablonná;;;è.p.;43;;;25744;745374.70;1077058.67;2014-06-25T00:00:00
72847964;530310;Neveklov;;;;;56162;Nebøich;;;è.p.;13;;;25744;747006.93;1077622.94;2014-06-25T00:00:00
73210650;530310;Neveklov;;;;;56154;Jablonná;;;è.ev.;11;;;25744;746661.63;1076995.70;2014-11-19T00:00:00
73305685;530310;Neveklov;;;;;104281;Neveklov;780855;Buková;è.p.;340;;;25756;739597.74;1081405.13;2014-12-29T00:00:00
73368229;530310;Neveklov;;;;;97357;Ouštice;;;è.p.;11;;;25756;739070.63;1077741.95;2015-01-22T00:00:00
73862860;530310;Neveklov;;;;;189626;Spolí;;;è.p.;10;;;25756;741002.27;1081488.01;2015-07-13T00:00:00
74241133;530310;Neveklov;;;;;104281;Neveklov;780855;Buková;è.p.;341;;;25756;739602.82;1081482.38;2016-03-23T00:00:00
74322991;530310;Neveklov;;;;;1953;Bìlice;;;è.p.;5;;;25744;743904.30;1078977.93;2015-12-02T00:00:00
74323083;530310;Neveklov;;;;;189642;Zádolí;;;è.p.;7;;;25756;741461.16;1082692.01;2015-12-02T00:00:00
74323504;530310;Neveklov;;;;;24511;Dalešice;;;è.p.;17;;;25744;743085.85;1076549.54;2015-12-02T00:00:00
74323539;530310;Neveklov;;;;;103888;Neštìtice;;;è.p.;16;;;25756;736414.61;1080352.51;2015-12-02T00:00:00
74323652;530310;Neveklov;;;;;103870;Chvojínek;;;è.p.;5;;;25756;737741.52;1079577.83;2015-12-02T00:00:00
74324268;530310;Neveklov;;;;;56162;Nebøich;;;è.p.;6;;;25744;747041.80;1077868.69;2015-12-02T00:00:00
74324594;530310;Neveklov;;;;;97349;Mlékovice;;;è.p.;5;;;25756;740665.47;1078133.12;2015-12-02T00:00:00
74410989;530310;Neveklov;;;;;24511;Dalešice;;;è.p.;18;;;25744;743227.58;1076607.74;2015-12-28T00:00:00
74470621;530310;Neveklov;;;;;56154;Jablonná;;;è.p.;75;;;25744;745203.41;1076708.01;2016-01-15T00:00:00
75017679;530310;Neveklov;;;;;104281;Neveklov;1970631;Tulipánová;è.p.;342;;;25756;739638.10;1080392.64;2017-01-16T00:00:00
75134454;530310;Neveklov;;;;;104281;Neveklov;3433;Husova;è.p.;343;;;25756;739828.76;1080767.27;2016-12-30T00:00:00
75241048;530310;Neveklov;;;;;56154;Jablonná;;;è.p.;35;;;25744;745369.41;1077261.58;2016-09-29T00:00:00
75407248;530310;Neveklov;;;;;104281;Neveklov;;;è.p.;42;;;25756;739462.43;1081434.02;2016-10-10T00:00:00
75420376;530310;Neveklov;;;;;1953;Bìlice;;;è.p.;13;;;25756;743186.75;1079405.16;2016-10-13T00:00:00
75633281;530310;Neveklov;;;;;56154;Jablonná;;;è.ev.;47;;;25744;746621.48;1077029.94;2016-12-11T00:00:00
75668777;530310;Neveklov;;;;;97365;Radslavice;;;è.p.;17;;;25756;741196.61;1077856.02;2016-12-21T00:00:00
77551664;530310;Neveklov;;;;;189618;Hùrka Kapinos;;;è.ev.;12;;;25756;740293.43;1082070.32;2017-08-08T00:00:00
77647220;530310;Neveklov;;;;;104281;Neveklov;1970631;Tulipánová;è.p.;347;;;25756;739638.40;1080410.58;2017-09-14T00:00:00
77814142;530310;Neveklov;;;;;104281;Neveklov;1970631;Tulipánová;è.p.;346;;;25756;739667.82;1080405.37;2017-11-22T00:00:00
77815432;530310;Neveklov;;;;;104299;Tloskov;;;è.p.;35;;;25756;740472.86;1079881.77;2017-11-22T00:00:00
77858697;530310;Neveklov;;;;;104281;Neveklov;3476;Na Leškovì;è.p.;345;;;25756;739955.67;1081194.74;2017-12-11T00:00:00
78284449;530310;Neveklov;;;;;189618;Hùrka Kapinos;;;è.p.;3;;;25756;740418.27;1082128.62;2018-04-27T00:00:00
78313899;530310;Neveklov;;;;;104281;Neveklov;3514;Pražská;è.p.;348;;;25756;740251.85;1080531.26;2018-05-04T00:00:00
78393361;530310;Neveklov;;;;;104281;Neveklov;1970615;opata Zavorala;è.p.;349;;;25756;740020.56;1080429.08;2018-05-30T00:00:00
78491274;530310;Neveklov;;;;;97349;Mlékovice;;;è.p.;32;;;25756;740443.85;1078057.01;2018-07-04T00:00:00
78754356;530310;Neveklov;;;;;56154;Jablonná;;;è.ev.;49;;;25744;746677.86;1076973.48;2018-10-10T00:00:00
78794510;530310;Neveklov;;;;;104281;Neveklov;1970593;Jana Kubelíka;è.p.;356;;;25756;740060.03;1080276.78;2018-10-23T00:00:00
78885434;530310;Neveklov;;;;;104281;Neveklov;1970593;Jana Kubelíka;è.p.;396;;;25756;739956.77;1080278.53;2018-11-21T00:00:00
78969441;530310;Neveklov;;;;;104281;Neveklov;1970631;Tulipánová;è.p.;175;;;25756;739638.70;1080346.61;2018-12-10T00:00:00
79289126;530310;Neveklov;;;;;24511;Dalešice;;;è.p.;25;;;25744;742925.57;1076261.66;2019-04-09T00:00:00
79391192;530310;Neveklov;;;;;104281;Neveklov;3506;Sokolská;è.p.;255;;;25756;739484.35;1080966.24;2019-05-21T00:00:00
79441441;530310;Neveklov;;;;;104281;Neveklov;3514;Pražská;è.p.;419;;;25756;740064.30;1080446.78;2019-06-06T00:00:00
79445594;530310;Neveklov;;;;;56154;Jablonná;;;è.p.;76;;;25744;744494.15;1077605.90;2019-06-10T00:00:00
79515045;530310;Neveklov;;;;;104281;Neveklov;1970593;Jana Kubelíka;è.p.;395;;;25756;739938.97;1080287.04;2019-06-27T00:00:00
79607730;530310;Neveklov;;;;;104281;Neveklov;717703;Luèní;è.p.;344;;;25756;739848.65;1081127.40;2019-07-24T00:00:00
79763898;530310;Neveklov;;;;;56154;Jablonná;;;è.p.;79;;;25744;745364.98;1076742.78;2019-08-27T00:00:00
79910068;530310;Neveklov;;;;;103888;Neštìtice;;;è.p.;17;;;25756;736371.40;1080520.24;2019-09-24T00:00:00
79921850;530310;Neveklov;;;;;104281;Neveklov;1970615;opata Zavorala;è.p.;375;;;25756;739961.20;1080384.13;2019-09-27T00:00:00
79956017;530310;Neveklov;;;;;189642;Zádolí;;;è.p.;3;;;25756;741529.95;1082709.47;2019-10-09T00:00:00
80005861;530310;Neveklov;;;;;103888;Neštìtice;;;è.p.;19;;;25756;736179.10;1079887.52;2019-10-30T00:00:00
80022529;530310;Neveklov;;;;;56162;Nebøich;;;è.p.;53;;;25744;746933.88;1077636.72;2019-11-05T00:00:00
80022588;530310;Neveklov;;;;;104281;Neveklov;3450;Nová;è.p.;416;;;25756;739797.32;1081143.84;2019-12-05T00:00:00
80022855;530310;Neveklov;;;;;97349;Mlékovice;;;è.ev.;10;;;25756;740416.81;1078010.07;2019-11-05T00:00:00
80030386;530310;Neveklov;;;;;104281;Neveklov;1970593;Jana Kubelíka;è.p.;361;;;25756;740079.03;1080232.51;2019-11-07T00:00:00
80163823;530310;Neveklov;;;;;104281;Neveklov;1970593;Jana Kubelíka;è.p.;357;;;25756;740028.45;1080284.53;2019-12-11T00:00:00
80172652;530310;Neveklov;;;;;104281;Neveklov;2563614;Elišky Horelové;è.p.;373;;;25756;739924.16;1080345.96;2019-12-13T00:00:00
80172784;530310;Neveklov;;;;;104281;Neveklov;2563614;Elišky Horelové;è.p.;372;;;25756;739922.28;1080325.52;2019-12-13T00:00:00
80207057;530310;Neveklov;;;;;56154;Jablonná;;;è.p.;80;;;25744;745282.67;1076750.95;2019-12-23T00:00:00
80215190;530310;Neveklov;;;;;56162;Nebøich;;;è.p.;19;;;25744;747029.93;1077573.87;2020-01-02T00:00:00
80221211;530310;Neveklov;;;;;56154;Jablonná;;;è.ev.;39;;;25744;746561.34;1077187.08;2020-01-06T00:00:00
80731571;530310;Neveklov;;;;;104281;Neveklov;1970771;Josefa Suka;è.p.;369;;;25756;739992.13;1080357.71;2020-06-01T00:00:00
80911595;530310;Neveklov;;;;;104281;Neveklov;2563614;Elišky Horelové;è.p.;398;;;25756;739896.60;1080354.43;2020-07-02T00:00:00
81107901;530310;Neveklov;;;;;189642;Zádolí;;;è.p.;47;;;25756;741716.02;1082893.12;2020-08-31T00:00:00
81107994;530310;Neveklov;;;;;189642;Zádolí;;;è.p.;45;;;25756;741682.89;1082820.39;2020-08-31T00:00:00
81108389;530310;Neveklov;;;;;56162;Nebøich;;;è.ev.;3;;;25744;746581.23;1077924.44;2020-08-31T00:00:00
81148321;530310;Neveklov;;;;;104299;Tloskov;;;è.p.;33;;;25756;740539.19;1079886.73;2020-09-17T00:00:00
81148364;530310;Neveklov;;;;;104281;Neveklov;1970771;Josefa Suka;è.p.;359;;;25756;740017.32;1080350.78;2020-09-17T00:00:00
81177801;530310;Neveklov;;;;;104281;Neveklov;3557;Zahradní;è.p.;417;;;25756;739623.75;1080485.71;2020-09-30T00:00:00
81353405;530310;Neveklov;;;;;104281;Neveklov;717703;Luèní;è.p.;421;;;25756;739913.53;1081114.56;2020-12-09T00:00:00
81353804;530310;Neveklov;;;;;1953;Bìlice;;;è.p.;34;;;25744;743216.64;1077543.41;2020-12-09T00:00:00
81354568;530310;Neveklov;;;;;56162;Nebøich;;;è.p.;51;;;25744;746884.75;1077637.77;2020-12-09T00:00:00
81460571;530310;Neveklov;;;;;104281;Neveklov;1970755;senátora Šebka;è.p.;355;;;25756;740083.68;1080270.43;2021-01-27T00:00:00
81514689;530310;Neveklov;;;;;104281;Neveklov;1970771;Josefa Suka;è.p.;366;;;25756;740006.26;1080248.73;2021-02-17T00:00:00
81526326;530310;Neveklov;;;;;97331;Lipka;;;è.p.;4;;;25756;738305.12;1078133.12;2021-02-23T00:00:00
81633190;530310;Neveklov;;;;;104281;Neveklov;3506;Sokolská;è.p.;350;;;25756;739544.65;1080919.99;2021-04-12T00:00:00
81634544;530310;Neveklov;;;;;104281;Neveklov;2563614;Elišky Horelové;è.p.;374;;;25756;739937.20;1080372.00;2021-04-12T00:00:00
81891083;530310;Neveklov;;;;;97365;Radslavice;;;è.p.;21;;;25756;741209.26;1077866.19;2021-06-11T00:00:00
82151857;530310;Neveklov;;;;;56162;Nebøich;;;è.p.;28;;;25744;746851.42;1077785.39;2021-10-02T00:00:00
82334277;530310;Neveklov;;;;;104281;Neveklov;1970771;Josefa Suka;è.p.;371;;;25756;739983.64;1080309.38;2021-12-11T00:00:00
82353409;530310;Neveklov;;;;;104281;Neveklov;1970771;Josefa Suka;è.p.;360;;;25756;740018.65;1080370.75;2021-12-16T00:00:00
82400776;530310;Neveklov;;;;;104281;Neveklov;2563614;Elišky Horelové;è.p.;394;;;25756;739911.95;1080275.62;2021-12-27T00:00:00
82679193;530310;Neveklov;;;;;104281;Neveklov;1970593;Jana Kubelíka;è.p.;368;;;25756;740052.09;1080243.40;2022-02-28T00:00:00
82679291;530310;Neveklov;;;;;189618;Hùrka Kapinos;;;è.p.;19;;;25756;740219.15;1082500.78;2022-02-28T00:00:00
82742138;530310;Neveklov;;;;;104281;Neveklov;1970593;Jana Kubelíka;è.p.;376;;;25756;739978.45;1080273.39;2022-03-14T00:00:00
82742341;530310;Neveklov;;;;;104281;Neveklov;;;è.p.;28;;;25756;739438.41;1081410.63;2022-03-14T00:00:00
82816531;530310;Neveklov;;;;;97349;Mlékovice;;;è.ev.;16;;;25756;740424.72;1077892.85;2022-04-04T00:00:00
82816786;530310;Neveklov;;;;;104299;Tloskov;;;è.p.;36;;;25756;740448.01;1079881.99;2022-04-04T00:00:00
82904146;530310;Neveklov;;;;;104281;Neveklov;1970755;senátora Šebka;è.p.;353;;;25756;740091.53;1080330.21;2022-04-27T00:00:00
